*----.----1----.----2----.----3----.----4----.----5----.----6----.----7----.----8----.----9----.---10----.---11----.---12----.---13--
% Created 13/02/18 at 11.41.12 GASDATA  GAS      "magboltz-ar82-co218          "
 Version   : 12
 GASOK bits: TTTTFTFTFFTFFFTTFFFF
 Identifier: CO2 18%, Ar 82%, T=293 K, p=1 atm                                               
 Clusters  :                                                                                 
 Dimension : F        20         1         1         9         2
 E fields   
 0.13157895E+00 0.18926972E+00 0.27225500E+00 0.39162517E+00 0.56333321E+00
 0.81032670E+00 0.11656141E+01 0.16766776E+01 0.24118168E+01 0.34692779E+01
 0.49903827E+01 0.71784143E+01 0.10325788E+02 0.14853131E+02 0.21365482E+02
 0.30733185E+02 0.44208138E+02 0.63591183E+02 0.91472748E+02 0.13157895E+03
 E-B angles 
 0.15707964E+01
 B fields   
 0.00000000E+00
 Mixture:   
 0.00000000E+00 0.00000000E+00 0.00000000E+00 0.00000000E+00 0.00000000E+00
 0.00000000E+00 0.00000000E+00 0.00000000E+00 0.00000000E+00 0.00000000E+00
 0.00000000E+00 0.18000000E+02 0.00000000E+00 0.00000000E+00 0.00000000E+00
 0.00000000E+00 0.00000000E+00 0.00000000E+00 0.00000000E+00 0.00000000E+00
 0.00000000E+00 0.00000000E+00 0.00000000E+00 0.00000000E+00 0.00000000E+00
 0.00000000E+00 0.00000000E+00 0.00000000E+00 0.00000000E+00 0.00000000E+00
 0.00000000E+00 0.00000000E+00 0.00000000E+00 0.00000000E+00 0.00000000E+00
 0.00000000E+00 0.00000000E+00 0.00000000E+00 0.00000000E+00 0.00000000E+00
 0.00000000E+00 0.00000000E+00 0.00000000E+00 0.00000000E+00 0.00000000E+00
 0.00000000E+00 0.82000000E+02 0.00000000E+00 0.00000000E+00 0.00000000E+00
 0.00000000E+00 0.00000000E+00 0.00000000E+00 0.00000000E+00 0.00000000E+00
 0.00000000E+00 0.00000000E+00 0.00000000E+00 0.00000000E+00 0.00000000E+00
 Excitation     1: CO2-1                                           0.79000001E+01 0.00000000E+00 0.00000000E+00 0.00000000E+00
 Excitation     2: CO2-2                                           0.88999996E+01 0.00000000E+00 0.00000000E+00 0.00000000E+00
 Excitation     3: CO2-3                                           0.10500000E+02 0.00000000E+00 0.00000000E+00 0.00000000E+00
 Excitation     4: CO2-4                                           0.12200000E+02 0.00000000E+00 0.00000000E+00 0.00000000E+00
 Excitation     5: CO2-5                                           0.13200000E+02 0.00000000E+00 0.00000000E+00 0.00000000E+00
 Excitation     6: CO2-6                                           0.15000000E+02 0.00000000E+00 0.00000000E+00 0.00000000E+00
 Excitation     7: ARGON-S                                         0.11550000E+02 0.00000000E+00 0.00000000E+00 0.00000000E+00
 Excitation     8: ARGON-P                                         0.13000000E+02 0.00000000E+00 0.00000000E+00 0.00000000E+00
 Excitation     9: ARGON-D                                         0.14000000E+02 0.00000000E+00 0.00000000E+00 0.00000000E+00
 Ionisation     1: CO2-IONISATION                                  0.13773000E+02
 Ionisation     2: ARGON-IONISATION                                0.15700000E+02
 The gas tables follow:
 0.36891487E+00 0.00000000E+00 0.00000000E+00 0.00000000E+00 0.00000000E+00 0.00000000E+00 0.65691853E+00 0.00000000E+00
 0.66855133E+00 0.00000000E+00-0.30000000E+02 0.00000000E+00-0.30000000E+02-0.30000000E+02 0.00000000E+00 0.10000000E+01
 0.00000000E+00 0.00000000E+00 0.00000000E+00 0.00000000E+00 0.00000000E+00 0.43154198E+00 0.00000000E+00 0.41989475E+00
 0.00000000E+00 0.47402698E+00 0.00000000E+00 0.00000000E+00 0.00000000E+00 0.00000000E+00 0.00000000E+00 0.00000000E+00
 0.00000000E+00 0.00000000E+00 0.00000000E+00 0.00000000E+00 0.00000000E+00 0.00000000E+00 0.00000000E+00 0.00000000E+00
 0.00000000E+00 0.00000000E+00 0.00000000E+00 0.00000000E+00 0.00000000E+00 0.00000000E+00 0.00000000E+00 0.00000000E+00
 0.00000000E+00 0.00000000E+00 0.00000000E+00 0.00000000E+00 0.00000000E+00 0.00000000E+00 0.00000000E+00
 0.53227574E+00-0.32981145E+00 0.00000000E+00 0.00000000E+00 0.00000000E+00 0.00000000E+00 0.57721299E+00 0.21903644E+01
 0.58977604E+00 0.13282812E+02-0.30000000E+02-0.27172398E-03-0.30000000E+02-0.30000000E+02 0.73996447E-01 0.10000000E+01
 0.00000000E+00 0.00000000E+00 0.00000000E+00 0.00000000E+00 0.00000000E+00 0.33317482E+00 0.75770683E+01 0.37100586E+00
-0.15047138E+02 0.32466573E+00 0.52493965E+02 0.00000000E+00 0.00000000E+00 0.00000000E+00 0.00000000E+00 0.00000000E+00
 0.00000000E+00 0.00000000E+00-0.17964069E-12 0.00000000E+00-0.33584019E-13 0.00000000E+00-0.29486925E-12 0.00000000E+00
 0.87581309E-14 0.00000000E+00 0.14580197E-13 0.00000000E+00 0.93067474E-16 0.00000000E+00 0.11422914E-14 0.00000000E+00
 0.47409031E-14 0.00000000E+00 0.34573003E-14 0.00000000E+00 0.28677078E-16 0.00000000E+00 0.24358069E-14
 0.76993775E+00 0.34493356E+01 0.00000000E+00 0.00000000E+00 0.00000000E+00 0.00000000E+00 0.49271274E+00 0.18844273E+02
 0.52476442E+00-0.29495292E+01-0.30000000E+02 0.92124910E-03-0.30000000E+02-0.30000000E+02-0.25087649E+00 0.10000000E+01
 0.00000000E+00 0.00000000E+00 0.00000000E+00 0.00000000E+00 0.00000000E+00 0.24276586E+00 0.18821232E+02 0.25600055E+00
 0.12086630E+02 0.29475483E+00-0.16845411E+02 0.00000000E+00 0.00000000E+00 0.00000000E+00 0.00000000E+00 0.00000000E+00
 0.00000000E+00 0.00000000E+00 0.60905117E-12 0.00000000E+00 0.11386278E-12 0.00000000E+00 0.99972038E-12 0.00000000E+00
-0.29693441E-13 0.00000000E+00-0.49432490E-13 0.00000000E+00-0.31553462E-15 0.00000000E+00-0.38728083E-14 0.00000000E+00
-0.16073489E-13 0.00000000E+00-0.11721581E-13 0.00000000E+00-0.97226346E-16 0.00000000E+00-0.82583247E-14
 0.11459979E+01 0.29334769E+01 0.00000000E+00 0.00000000E+00 0.00000000E+00 0.00000000E+00 0.50794113E+00-0.78183484E+01
 0.44771370E+00 0.76990285E+01-0.30000000E+02-0.29344892E-02-0.30000000E+02-0.30000000E+02 0.79912621E+00 0.10000000E+01
 0.00000000E+00 0.00000000E+00 0.00000000E+00 0.00000000E+00 0.00000000E+00 0.25800422E+00-0.79019527E+01 0.17902441E+00
 0.67277880E+01 0.22187072E+00 0.80462132E+01 0.00000000E+00 0.00000000E+00 0.00000000E+00 0.00000000E+00 0.00000000E+00
 0.00000000E+00 0.00000000E+00-0.19400334E-11 0.00000000E+00-0.36269135E-12 0.00000000E+00-0.31844466E-11 0.00000000E+00
 0.94583629E-13 0.00000000E+00 0.15745916E-12 0.00000000E+00 0.10050842E-14 0.00000000E+00 0.12336201E-13 0.00000000E+00
 0.51199482E-13 0.00000000E+00 0.37337189E-13 0.00000000E+00 0.30969870E-15 0.00000000E+00 0.26305548E-13
 0.17730972E+01 0.51892886E+01 0.00000000E+00 0.00000000E+00 0.00000000E+00 0.00000000E+00 0.49260026E+00 0.58271270E+01
 0.45177424E+00-0.67092097E+00-0.30000000E+02 0.93086027E-02-0.30000000E+02-0.30000000E+02-0.25349381E+01 0.10000000E+01
 0.00000000E+00 0.00000000E+00 0.00000000E+00 0.00000000E+00 0.00000000E+00 0.24265501E+00 0.61219788E+01 0.21126290E+00
-0.21186156E+01 0.19693704E+00 0.69222212E+00 0.00000000E+00 0.00000000E+00 0.00000000E+00 0.00000000E+00 0.00000000E+00
 0.00000000E+00 0.00000000E+00 0.61540530E-11 0.00000000E+00 0.11505068E-11 0.00000000E+00 0.10101502E-10 0.00000000E+00
-0.30003227E-12 0.00000000E+00-0.49948207E-12 0.00000000E+00-0.31882653E-14 0.00000000E+00-0.39132123E-13 0.00000000E+00
-0.16241179E-12 0.00000000E+00-0.11843869E-12 0.00000000E+00-0.98240681E-15 0.00000000E+00-0.83444814E-13
 0.28870807E+01 0.12108181E+01 0.00000000E+00 0.00000000E+00 0.00000000E+00 0.00000000E+00 0.58576179E+00-0.29880612E+01
 0.49765819E+00 0.86066258E+00-0.30000000E+02-0.29519713E-01-0.30000000E+02-0.30000000E+02 0.80388699E+01 0.10000000E+01
 0.00000000E+00 0.00000000E+00 0.00000000E+00 0.00000000E+00 0.00000000E+00 0.34311685E+00-0.32104244E+01 0.24434522E+00
 0.11986139E+01 0.25098214E+00 0.90229523E+00 0.00000000E+00 0.00000000E+00 0.00000000E+00 0.00000000E+00 0.00000000E+00
 0.00000000E+00 0.00000000E+00-0.19515913E-10 0.00000000E+00-0.36485207E-11 0.00000000E+00-0.32034181E-10 0.00000000E+00
 0.95147111E-12 0.00000000E+00 0.15839722E-11 0.00000000E+00 0.10110721E-13 0.00000000E+00 0.12409694E-12 0.00000000E+00
 0.51504504E-12 0.00000000E+00 0.37559626E-12 0.00000000E+00 0.31154372E-14 0.00000000E+00 0.26462263E-12
 0.45053406E+01-0.69592180E+01 0.00000000E+00 0.00000000E+00 0.00000000E+00 0.00000000E+00 0.58183068E+00-0.47690481E+00
 0.60343057E+00-0.56115586E+00-0.30000000E+02 0.93611963E-01-0.30000000E+02-0.30000000E+02-0.25492607E+02 0.10000000E+01
 0.00000000E+00 0.00000000E+00 0.00000000E+00 0.00000000E+00 0.00000000E+00 0.33852693E+00-0.45844761E+00 0.34219703E+00
-0.20170999E+00 0.38605991E+00-0.81499666E+00 0.00000000E+00 0.00000000E+00 0.00000000E+00 0.00000000E+00 0.00000000E+00
 0.00000000E+00 0.00000000E+00 0.61888238E-10 0.00000000E+00 0.11570072E-10 0.00000000E+00 0.10158576E-09 0.00000000E+00
-0.30172746E-11 0.00000000E+00-0.50230419E-11 0.00000000E+00-0.32062792E-13 0.00000000E+00-0.39353224E-12 0.00000000E+00
-0.16332943E-11 0.00000000E+00-0.11910788E-11 0.00000000E+00-0.98795746E-14 0.00000000E+00-0.83916278E-12
 0.56798983E+01-0.37394869E+01 0.00000000E+00 0.00000000E+00 0.00000000E+00 0.00000000E+00 0.44459271E+00 0.67141849E+00
 0.69634873E+00-0.56436658E-01-0.30000000E+02-0.29685870E+00-0.30000000E+02-0.30000000E+02 0.80841187E+02 0.10000000E+01
 0.00000000E+00 0.00000000E+00 0.00000000E+00 0.00000000E+00 0.00000000E+00 0.19766268E+00 0.70189303E+00 0.47182730E+00
-0.40495235E+00 0.49797586E+00 0.24328220E+00 0.00000000E+00 0.00000000E+00 0.00000000E+00 0.00000000E+00 0.00000000E+00
 0.00000000E+00 0.00000000E+00-0.19625762E-09 0.00000000E+00-0.36690571E-10 0.00000000E+00-0.32214489E-09 0.00000000E+00
 0.95682663E-11 0.00000000E+00 0.15928880E-10 0.00000000E+00 0.10167630E-12 0.00000000E+00 0.12479544E-11 0.00000000E+00
 0.51794406E-11 0.00000000E+00 0.37771036E-11 0.00000000E+00 0.31329729E-13 0.00000000E+00 0.26611211E-11
 0.58393779E+01 0.52911884E+00 0.00000000E+00 0.00000000E+00 0.00000000E+00 0.00000000E+00 0.42155513E+00-0.88963844E-02
 0.77669275E+00-0.10454368E-01-0.30000000E+02 0.94138712E+00-0.30000000E+02-0.12074130E+02-0.57342548E+02 0.10000000E+01
 0.00000000E+00 0.00000000E+00 0.00000000E+00 0.00000000E+00 0.00000000E+00 0.17770873E+00-0.32900680E-01 0.55697078E+00
 0.38825393E+00 0.64953250E+00-0.36292237E+00 0.00000000E+00 0.00000000E+00 0.00000000E+00 0.00000000E+00 0.00000000E+00
 0.00000000E+00 0.00000000E+00 0.62236477E-09 0.00000000E+00 0.11635175E-09 0.00000000E+00 0.10215737E-08 0.00000000E+00
-0.30342524E-10 0.00000000E+00-0.50513062E-10 0.00000000E+00-0.32243205E-12 0.00000000E+00-0.39574659E-11 0.00000000E+00
-0.16424846E-10 0.00000000E+00-0.11977808E-10 0.00000000E+00-0.99351652E-13 0.00000000E+00-0.84388468E-11
 0.59391084E+01 0.10996746E+00 0.00000000E+00 0.00000000E+00 0.00000000E+00 0.00000000E+00 0.45785251E+00-0.64034797E-01
 0.85934156E+00-0.10196952E+00-0.30000000E+02-0.29852912E+01-0.30000000E+02-0.99028187E+01 0.11507815E+02 0.10000000E+01
 0.00000000E+00 0.00000000E+00 0.00000000E+00 0.00000000E+00 0.00000000E+00 0.20962892E+00-0.51123261E-01 0.78888541E+00
-0.44759345E+00 0.68805045E+00 0.98244801E-01 0.00000000E+00 0.00000000E+00 0.00000000E+00 0.00000000E+00 0.00000000E+00
 0.00000000E+00 0.42450595E-10-0.17458446E-08 0.42450595E-10-0.14119517E-09 0.42450595E-10-0.30118010E-08 0.00000000E+00
 0.96221059E-10 0.00000000E+00 0.16018512E-09 0.00000000E+00 0.10224843E-11 0.00000000E+00 0.12549767E-10 0.00000000E+00
 0.52085850E-10 0.00000000E+00 0.37983571E-10 0.00000000E+00 0.31506021E-12 0.00000000E+00 0.26760951E-10
 0.63177652E+01-0.13075648E+00 0.00000000E+00 0.00000000E+00 0.00000000E+00 0.00000000E+00 0.43361202E+00 0.25032213E-01
 0.84200740E+00-0.26039034E-03-0.30000000E+02 0.94668427E+01-0.30000000E+02-0.81385155E+01-0.26759899E+01 0.10000000E+01
 0.00000000E+00 0.00000000E+00 0.00000000E+00 0.00000000E+00 0.00000000E+00 0.18801938E+00 0.21094872E-01 0.68415475E+00
 0.11093803E+00 0.73379815E+00-0.10583287E+00 0.00000000E+00 0.00000000E+00 0.00000000E+00 0.00000000E+00 0.00000000E+00
 0.00000000E+00 0.27958076E-08 0.12468031E-07 0.13979038E-08 0.37544083E-08 0.27398914E-08 0.16337584E-07 0.00000000E+00
-0.30513259E-09 0.00000000E+00-0.50797300E-09 0.00000000E+00-0.32424634E-11 0.39141304E-09 0.97520791E-09 0.55916150E-10
-0.20171920E-10 0.00000000E+00-0.12045206E-09 0.00000000E+00-0.99910705E-12 0.00000000E+00-0.84863318E-10
 0.65275245E+01-0.52877393E-01 0.00000000E+00 0.00000000E+00 0.00000000E+00 0.00000000E+00 0.42466304E+00-0.78679342E-02
 0.77601427E+00 0.20313632E-01-0.11197237E+02-0.64559970E+01-0.11197237E+02-0.62627625E+01 0.24268627E+00 0.10000000E+01
 0.00000000E+00 0.00000000E+00 0.00000000E+00 0.00000000E+00 0.00000000E+00 0.18033871E+00-0.66482862E-02 0.58921474E+00
 0.48603835E-02 0.61518157E+00 0.59384611E-01 0.00000000E+00 0.00000000E+00 0.00000000E+00 0.00000000E+00 0.00000000E+00
 0.00000000E+00 0.52271304E-07 0.15984666E-07 0.22823942E-07 0.11778277E-07 0.92906859E-07 0.54843611E-07 0.55493503E-08
 0.79224503E-08 0.15215960E-08 0.35178331E-08 0.00000000E+00 0.10282380E-10 0.15036949E-07 0.14334105E-07 0.17901131E-08
 0.21047915E-08 0.89505646E-10 0.49414772E-09 0.89505646E-10 0.11534293E-09 0.00000000E+00 0.26911542E-09
 0.64387641E+01 0.33658423E-01 0.00000000E+00 0.00000000E+00 0.00000000E+00 0.00000000E+00 0.41234967E+00 0.96118785E-02
 0.78213465E+00-0.74855466E-02-0.75092316E+01 0.11586928E+01-0.75092316E+01-0.54943285E+01-0.13130789E+00 0.10000000E+01
 0.00000000E+00 0.00000000E+00 0.00000000E+00 0.00000000E+00 0.00000000E+00 0.17003226E+00 0.83245607E-02 0.59845120E+00
-0.52896859E-02 0.62501800E+00-0.18458316E-01 0.00000000E+00 0.00000000E+00 0.00000000E+00 0.00000000E+00 0.00000000E+00
 0.00000000E+00 0.23287805E-06 0.34247452E-08 0.12452507E-06 0.38931933E-09 0.58954606E-06 0.24954455E-07 0.72039292E-07
 0.87897138E-08 0.31462058E-07 0.52354383E-08 0.00000000E+00-0.32607098E-10 0.15275270E-06 0.21377671E-07 0.34402440E-07
 0.11120186E-07 0.44105692E-08 0.94765396E-09 0.26463414E-08 0.10803199E-08 0.88211383E-09-0.31911584E-09
 0.66211090E+01 0.13397219E-01 0.00000000E+00 0.00000000E+00 0.00000000E+00 0.00000000E+00 0.46549228E+00-0.63770502E-02
 0.74944001E+00-0.89077395E-03-0.51746335E+01-0.30978042E+00-0.51746335E+01-0.52479057E+01 0.25037006E-01 0.10000000E+01
 0.00000000E+00 0.00000000E+00 0.00000000E+00 0.00000000E+00 0.00000000E+00 0.21668307E+00-0.56058345E-02 0.55692333E+00
-0.14904438E-02 0.56639731E+00-0.47297217E-05 0.00000000E+00 0.00000000E+00 0.00000000E+00 0.00000000E+00 0.00000000E+00
 0.00000000E+00 0.55157830E-06-0.54801172E-08 0.30276740E-06-0.15539572E-09 0.16981037E-05-0.73485156E-08 0.30846849E-06
 0.59040723E-08 0.18202694E-06 0.11271664E-07 0.00000000E+00 0.10340236E-09 0.66295269E-06 0.89176995E-08 0.24677482E-06
 0.92701802E-08 0.32984751E-07 0.29885328E-08 0.25043976E-07 0.17369107E-08 0.12420183E-07 0.39009187E-08
 0.74135742E+01 0.61844382E-02 0.00000000E+00 0.00000000E+00 0.00000000E+00 0.00000000E+00 0.44947624E+00 0.18580451E-02
 0.65671778E+00 0.17596596E-02-0.32791243E+01 0.37827615E-01-0.32791243E+01-0.50480556E+01-0.15474902E-01 0.10000000E+01
 0.00000000E+00 0.00000000E+00 0.00000000E+00 0.00000000E+00 0.00000000E+00 0.20202890E+00 0.16520234E-02 0.44115767E+00
 0.80377201E-03 0.42139879E+00 0.42641256E-02 0.00000000E+00 0.00000000E+00 0.00000000E+00 0.00000000E+00 0.00000000E+00
 0.00000000E+00 0.89340404E-06-0.29813396E-09 0.55419315E-06-0.44645368E-09 0.32118405E-05-0.38743173E-08 0.84852303E-06
 0.21619064E-08 0.71363212E-06 0.27128420E-08 0.17357280E-08-0.82345908E-10 0.17560608E-05 0.57229204E-08 0.90009900E-06
 0.10049662E-07 0.17158912E-06 0.30028662E-08 0.11852543E-06 0.20273578E-08 0.16067882E-06 0.56228902E-08
 0.89950275E+01-0.92469098E-04 0.00000000E+00 0.00000000E+00 0.00000000E+00 0.00000000E+00 0.44604704E+00-0.52547915E-03
 0.59726465E+00-0.29229798E-03-0.20496883E+01-0.15258871E-01-0.20496883E+01-0.52276740E+01 0.31237467E-02 0.10000000E+01
 0.00000000E+00 0.00000000E+00 0.00000000E+00 0.00000000E+00 0.00000000E+00 0.19895795E+00-0.47257461E-03 0.31574914E+00
 0.11221921E-02 0.39770097E+00-0.18132247E-02 0.00000000E+00 0.00000000E+00 0.00000000E+00 0.00000000E+00 0.00000000E+00
 0.00000000E+00 0.12903625E-05-0.16572304E-08 0.88027076E-06-0.81145773E-09 0.50638528E-05-0.40062575E-08 0.18144585E-05
 0.14947171E-08 0.17823467E-05 0.37536569E-08 0.27344134E-08 0.10487171E-09 0.37405373E-05 0.25736759E-08 0.25168522E-05
 0.57702949E-08 0.59126432E-06 0.28040801E-08 0.39740138E-06 0.17925701E-08 0.82572268E-06 0.91140091E-08
 0.11394997E+02 0.14897909E-03 0.00000000E+00 0.00000000E+00 0.00000000E+00 0.00000000E+00 0.42371142E+00-0.85189982E-04
 0.52654999E+00 0.25693935E-03-0.10420413E+01 0.29477041E-03-0.10420413E+01-0.55098777E+01-0.62016858E-03 0.10000000E+01
 0.00000000E+00 0.00000000E+00 0.00000000E+00 0.00000000E+00 0.00000000E+00 0.17953137E+00-0.42233449E-04 0.26344284E+00
-0.13088465E-03 0.29106700E+00 0.78591227E-03 0.00000000E+00 0.00000000E+00 0.00000000E+00 0.00000000E+00 0.00000000E+00
 0.00000000E+00 0.16838048E-05-0.41497070E-10 0.12448230E-05-0.39138570E-09 0.71923960E-05-0.14184067E-08 0.33859142E-05
-0.55629440E-09 0.38239095E-05 0.20510398E-08 0.13920271E-07 0.23849580E-10 0.69935663E-05 0.46264118E-09 0.57743919E-05
 0.42447974E-08 0.15920625E-05 0.15279767E-08 0.10775606E-05 0.17328022E-08 0.31748084E-05 0.11203695E-07
 0.14850969E+02-0.38112979E-03 0.00000000E+00 0.00000000E+00 0.00000000E+00 0.00000000E+00 0.35980129E+00 0.14658362E-03
 0.46467194E+00-0.31648888E-04-0.26668686E+00-0.11568908E-02-0.26668686E+00-0.58692241E+01 0.67504204E-03 0.10000000E+01
 0.00000000E+00 0.00000000E+00 0.00000000E+00 0.00000000E+00 0.00000000E+00 0.12945697E+00 0.11829644E-03 0.21211244E+00
 0.45447654E-04 0.21972759E+00-0.93687850E-04 0.00000000E+00 0.00000000E+00 0.00000000E+00 0.00000000E+00 0.00000000E+00
 0.00000000E+00 0.21565236E-05-0.19607833E-09 0.16497096E-05-0.17414459E-10 0.97088523E-05-0.11151631E-08 0.56234285E-05
 0.48048771E-09 0.73835781E-05 0.38575293E-09 0.42855074E-07 0.51362525E-10 0.11889120E-04 0.95542976E-10 0.11785707E-04
 0.27655036E-08 0.35947678E-05 0.18630610E-08 0.25975794E-05 0.15290504E-08 0.98811151E-05 0.88158512E-08
 0.19668966E+02 0.57824650E-05 0.00000000E+00 0.00000000E+00 0.00000000E+00 0.00000000E+00 0.32386076E+00-0.56002118E-05
 0.39254332E+00 0.58962720E-04 0.34825966E+00-0.14452820E-03 0.34825966E+00-0.61510663E+01-0.43271259E-04 0.10000000E+01
 0.00000000E+00 0.00000000E+00 0.00000000E+00 0.00000000E+00 0.00000000E+00 0.10488580E+00-0.54157149E-05 0.15113558E+00
 0.36156762E-04 0.15704492E+00 0.79509358E-04 0.00000000E+00 0.00000000E+00 0.00000000E+00 0.00000000E+00 0.00000000E+00
 0.00000000E+00 0.27222954E-05-0.18787599E-09 0.21752483E-05-0.10781247E-09 0.12638007E-04-0.56364846E-09 0.89918476E-05
-0.85625187E-10 0.13010048E-04 0.11721666E-08 0.11477052E-06 0.43098074E-10 0.19046054E-04 0.24141250E-09 0.22287666E-04
 0.19900255E-08 0.75877956E-05 0.12057350E-08 0.58573028E-05 0.18948800E-08 0.26058149E-04 0.12724715E-07
 0.26533632E+02 0.00000000E+00 0.00000000E+00 0.00000000E+00 0.00000000E+00 0.00000000E+00 0.29439095E+00 0.00000000E+00
 0.33648339E+00 0.00000000E+00 0.88585502E+00 0.00000000E+00 0.88585502E+00-0.64700036E+01 0.00000000E+00 0.10000000E+01
 0.00000000E+00 0.00000000E+00 0.00000000E+00 0.00000000E+00 0.00000000E+00 0.86666018E-01 0.00000000E+00 0.10475685E+00
 0.00000000E+00 0.12168531E+00 0.00000000E+00 0.00000000E+00 0.00000000E+00 0.00000000E+00 0.00000000E+00 0.00000000E+00
 0.00000000E+00 0.33288236E-05 0.00000000E+00 0.28299712E-05 0.00000000E+00 0.16131307E-04 0.00000000E+00 0.13848869E-04
 0.00000000E+00 0.22240723E-04 0.00000000E+00 0.26696196E-06 0.00000000E+00 0.29578165E-04 0.00000000E+00 0.39718358E-04
 0.00000000E+00 0.14774686E-04 0.00000000E+00 0.12553493E-04 0.00000000E+00 0.62536623E-04 0.00000000E+00
 H Extr:     1    1    1    1    1    1    1    1    1    1    1    1    1
 L Extr:     0    0    0    0    0    0    0    0    0    0    0    0    0
 Thresholds:         13        10         1
 Interp:     2    2    2    2    2    2    2    2    2    2    2    2    2
 A     = 0.00000000E+00, Z     = 0.00000000E+00, EMPROB= 0.00000000E+00, EPAIR = 0.00000000E+00
 Ion diffusion:  0.00000000E+00 0.00000000E+00
 CMEAN = 0.00000000E+00, RHO   = 0.00000000E+00, PGAS  = 0.76000000E+03, TGAS  = 0.29300000E+03
 CLSTYP    : NOT SET   
 FCNCLS    :                                                                                 
 NCLS      :          0
 Average   :  0.000000000000000000D+00
  Heed initialisation done: T
  Gas components:     2
           3 0.81999999E+00
          11 0.18000001E+00
  SRIM initialisation done: F
