*----.----1----.----2----.----3----.----4----.----5----.----6----.----7----.----8----.----9----.---10----.---11----.---12----.---13--
% Created 31/01/18 at 17.55.24 GASDATA  GAS      "magboltz-ar86-co214          "
 Version   : 12
 GASOK bits: TTTTFTFTFFTFFFTTFFFF
 Identifier: CO2 14%, Ar 86%, T=293 K, p=1 atm                                               
 Clusters  :                                                                                 
 Dimension : F        20         1         1         9         2
 E fields   
 0.13157895E+00 0.18926972E+00 0.27225500E+00 0.39162517E+00 0.56333321E+00
 0.81032670E+00 0.11656141E+01 0.16766776E+01 0.24118168E+01 0.34692779E+01
 0.49903827E+01 0.71784143E+01 0.10325788E+02 0.14853131E+02 0.21365482E+02
 0.30733185E+02 0.44208138E+02 0.63591183E+02 0.91472748E+02 0.13157895E+03
 E-B angles 
 0.15707964E+01
 B fields   
 0.00000000E+00
 Mixture:   
 0.00000000E+00 0.00000000E+00 0.00000000E+00 0.00000000E+00 0.00000000E+00
 0.00000000E+00 0.00000000E+00 0.00000000E+00 0.00000000E+00 0.00000000E+00
 0.00000000E+00 0.14000000E+02 0.00000000E+00 0.00000000E+00 0.00000000E+00
 0.00000000E+00 0.00000000E+00 0.00000000E+00 0.00000000E+00 0.00000000E+00
 0.00000000E+00 0.00000000E+00 0.00000000E+00 0.00000000E+00 0.00000000E+00
 0.00000000E+00 0.00000000E+00 0.00000000E+00 0.00000000E+00 0.00000000E+00
 0.00000000E+00 0.00000000E+00 0.00000000E+00 0.00000000E+00 0.00000000E+00
 0.00000000E+00 0.00000000E+00 0.00000000E+00 0.00000000E+00 0.00000000E+00
 0.00000000E+00 0.00000000E+00 0.00000000E+00 0.00000000E+00 0.00000000E+00
 0.00000000E+00 0.86000000E+02 0.00000000E+00 0.00000000E+00 0.00000000E+00
 0.00000000E+00 0.00000000E+00 0.00000000E+00 0.00000000E+00 0.00000000E+00
 0.00000000E+00 0.00000000E+00 0.00000000E+00 0.00000000E+00 0.00000000E+00
 Excitation     1: CO2-1                                           0.79000001E+01 0.00000000E+00 0.00000000E+00 0.00000000E+00
 Excitation     2: CO2-2                                           0.88999996E+01 0.00000000E+00 0.00000000E+00 0.00000000E+00
 Excitation     3: CO2-3                                           0.10500000E+02 0.00000000E+00 0.00000000E+00 0.00000000E+00
 Excitation     4: CO2-4                                           0.12200000E+02 0.00000000E+00 0.00000000E+00 0.00000000E+00
 Excitation     5: CO2-5                                           0.13200000E+02 0.00000000E+00 0.00000000E+00 0.00000000E+00
 Excitation     6: CO2-6                                           0.15000000E+02 0.00000000E+00 0.00000000E+00 0.00000000E+00
 Excitation     7: ARGON-S                                         0.11550000E+02 0.00000000E+00 0.00000000E+00 0.00000000E+00
 Excitation     8: ARGON-P                                         0.13000000E+02 0.00000000E+00 0.00000000E+00 0.00000000E+00
 Excitation     9: ARGON-D                                         0.14000000E+02 0.00000000E+00 0.00000000E+00 0.00000000E+00
 Ionisation     1: CO2-IONISATION                                  0.13773000E+02
 Ionisation     2: ARGON-IONISATION                                0.15700000E+02
 The gas tables follow:
 0.46303329E+00 0.00000000E+00 0.00000000E+00 0.00000000E+00 0.00000000E+00 0.00000000E+00 0.67864054E+00 0.00000000E+00
 0.66601175E+00 0.00000000E+00-0.30000000E+02 0.00000000E+00-0.30000000E+02-0.30000000E+02 0.00000000E+00 0.10000000E+01
 0.00000000E+00 0.00000000E+00 0.00000000E+00 0.00000000E+00 0.00000000E+00 0.46055296E+00 0.00000000E+00 0.43785524E+00
 0.00000000E+00 0.44928810E+00 0.00000000E+00 0.00000000E+00 0.00000000E+00 0.00000000E+00 0.00000000E+00 0.00000000E+00
 0.00000000E+00 0.00000000E+00 0.00000000E+00 0.00000000E+00 0.00000000E+00 0.00000000E+00 0.00000000E+00 0.00000000E+00
 0.00000000E+00 0.00000000E+00 0.00000000E+00 0.00000000E+00 0.00000000E+00 0.00000000E+00 0.00000000E+00 0.00000000E+00
 0.00000000E+00 0.00000000E+00 0.00000000E+00 0.00000000E+00 0.00000000E+00 0.00000000E+00 0.00000000E+00
 0.67238003E+00 0.35917132E+01 0.00000000E+00 0.00000000E+00 0.00000000E+00 0.00000000E+00 0.62669545E+00-0.30411441E+01
 0.59971249E+00 0.18293461E+02-0.30000000E+02-0.30591409E-03-0.30000000E+02-0.30000000E+02 0.74191071E-01 0.10000000E+01
 0.00000000E+00 0.00000000E+00 0.00000000E+00 0.00000000E+00 0.00000000E+00 0.39274719E+00-0.10305645E+01 0.32303855E+00
 0.43323227E+02 0.39627153E+00 0.41537051E+01 0.00000000E+00 0.00000000E+00 0.00000000E+00 0.00000000E+00 0.00000000E+00
 0.00000000E+00 0.00000000E+00 0.27916493E-12 0.00000000E+00-0.75661869E-13 0.00000000E+00-0.27009436E-12 0.00000000E+00
 0.16684567E-13 0.00000000E+00 0.19455606E-13 0.00000000E+00-0.68322809E-16 0.00000000E+00-0.85187154E-13 0.00000000E+00
-0.72676892E-14 0.00000000E+00-0.14498635E-14 0.00000000E+00-0.24682462E-14 0.00000000E+00-0.15919571E-14
 0.99179864E+00 0.37527092E+01 0.00000000E+00 0.00000000E+00 0.00000000E+00 0.00000000E+00 0.55130315E+00 0.97252531E+01
 0.56904119E+00-0.56539216E+01-0.30000000E+02 0.10371667E-02-0.30000000E+02-0.30000000E+02-0.25153634E+00 0.10000000E+01
 0.00000000E+00 0.00000000E+00 0.00000000E+00 0.00000000E+00 0.00000000E+00 0.30393514E+00 0.11094167E+02 0.31183738E+00
-0.12745552E+02 0.33577833E+00-0.34416890E+00 0.00000000E+00 0.00000000E+00 0.00000000E+00 0.00000000E+00 0.00000000E+00
 0.00000000E+00 0.00000000E+00-0.94647673E-12 0.00000000E+00 0.25652291E-12 0.00000000E+00 0.91572399E-12 0.00000000E+00
-0.56567117E-13 0.00000000E+00-0.65962006E-13 0.00000000E+00 0.23164067E-15 0.00000000E+00 0.28881728E-12 0.00000000E+00
 0.24640270E-13 0.00000000E+00 0.49155965E-14 0.00000000E+00 0.83683060E-14 0.00000000E+00 0.53973486E-14
 0.15066124E+01 0.80848122E+01 0.00000000E+00 0.00000000E+00 0.00000000E+00 0.00000000E+00 0.53585058E+00 0.82999153E+01
 0.52178556E+00 0.51307845E+01-0.30000000E+02-0.33037257E-02-0.30000000E+02-0.30000000E+02 0.80122805E+00 0.10000000E+01
 0.00000000E+00 0.00000000E+00 0.00000000E+00 0.00000000E+00 0.00000000E+00 0.28713581E+00 0.98222179E+01 0.27822712E+00
 0.57263994E+01 0.26629323E+00 0.56612506E+01 0.00000000E+00 0.00000000E+00 0.00000000E+00 0.00000000E+00 0.00000000E+00
 0.00000000E+00 0.00000000E+00 0.30148477E-11 0.00000000E+00-0.81711200E-12 0.00000000E+00-0.29168896E-11 0.00000000E+00
 0.18018535E-12 0.00000000E+00 0.21011124E-12 0.00000000E+00-0.73785363E-15 0.00000000E+00-0.91998045E-12 0.00000000E+00
-0.78487570E-13 0.00000000E+00-0.15657833E-13 0.00000000E+00-0.26655878E-13 0.00000000E+00-0.17192375E-13
 0.24138608E+01 0.39073234E+01 0.00000000E+00 0.00000000E+00 0.00000000E+00 0.00000000E+00 0.65260261E+00-0.66180878E+01
 0.52358472E+00 0.73442900E+00-0.30000000E+02 0.10479872E-01-0.30000000E+02-0.30000000E+02-0.25416055E+01 0.10000000E+01
 0.00000000E+00 0.00000000E+00 0.00000000E+00 0.00000000E+00 0.00000000E+00 0.42589018E+00-0.78591719E+01 0.28334409E+00
 0.32590616E+00 0.26493785E+00 0.11098787E+01 0.00000000E+00 0.00000000E+00 0.00000000E+00 0.00000000E+00 0.00000000E+00
 0.00000000E+00 0.00000000E+00-0.95635114E-11 0.00000000E+00 0.25919915E-11 0.00000000E+00 0.92527748E-11 0.00000000E+00
-0.57157268E-12 0.00000000E+00-0.66650174E-12 0.00000000E+00 0.23405731E-14 0.00000000E+00 0.29183045E-11 0.00000000E+00
 0.24897337E-12 0.00000000E+00 0.49668799E-13 0.00000000E+00 0.84556108E-13 0.00000000E+00 0.54536575E-13
 0.38281991E+01-0.81173773E+01 0.00000000E+00 0.00000000E+00 0.00000000E+00 0.00000000E+00 0.64863497E+00-0.23971382E+00
 0.59268141E+00 0.48433608E+00-0.30000000E+02-0.33234078E-01-0.30000000E+02-0.30000000E+02 0.80600138E+01 0.10000000E+01
 0.00000000E+00 0.00000000E+00 0.00000000E+00 0.00000000E+00 0.00000000E+00 0.42072731E+00-0.32055169E+00 0.34762484E+00
 0.51228380E+00 0.35491771E+00 0.13428128E+01 0.00000000E+00 0.00000000E+00 0.00000000E+00 0.00000000E+00 0.00000000E+00
 0.00000000E+00 0.00000000E+00 0.30328087E-10 0.00000000E+00-0.82197998E-11 0.00000000E+00-0.29342671E-10 0.00000000E+00
 0.18125881E-11 0.00000000E+00 0.21136298E-11 0.00000000E+00-0.74224938E-14 0.00000000E+00-0.92546127E-11 0.00000000E+00
-0.78955169E-12 0.00000000E+00-0.15751116E-12 0.00000000E+00-0.26814681E-12 0.00000000E+00-0.17294799E-12
 0.51518292E+01-0.89825611E+01 0.00000000E+00 0.00000000E+00 0.00000000E+00 0.00000000E+00 0.53815794E+00 0.43359405E+00
 0.72594130E+00-0.54282904E+00-0.30000000E+02 0.10539085E+00-0.30000000E+02-0.30000000E+02-0.25559656E+02 0.10000000E+01
 0.00000000E+00 0.00000000E+00 0.00000000E+00 0.00000000E+00 0.00000000E+00 0.28961396E+00 0.67128247E+00 0.48727658E+00
 0.27952182E+00 0.56670493E+00-0.14096481E+01 0.00000000E+00 0.00000000E+00 0.00000000E+00 0.00000000E+00 0.00000000E+00
 0.00000000E+00 0.00000000E+00-0.96175456E-10 0.00000000E+00 0.26066364E-10 0.00000000E+00 0.93050539E-10 0.00000000E+00
-0.57480210E-11 0.00000000E+00-0.67026753E-11 0.00000000E+00 0.23537975E-13 0.00000000E+00 0.29347930E-10 0.00000000E+00
 0.25038010E-11 0.00000000E+00 0.49949433E-12 0.00000000E+00 0.85033852E-12 0.00000000E+00 0.54844708E-12
 0.54724512E+01-0.27557829E+00 0.00000000E+00 0.00000000E+00 0.00000000E+00 0.00000000E+00 0.45818898E+00 0.51017410E+00
 0.84886688E+00-0.75922951E-01-0.30000000E+02-0.33421144E+00-0.30000000E+02-0.30000000E+02 0.81053810E+02 0.10000000E+01
 0.00000000E+00 0.00000000E+00 0.00000000E+00 0.00000000E+00 0.00000000E+00 0.20993716E+00 0.44914111E+00 0.73616266E+00
-0.20106892E+00 0.70498735E+00 0.24018668E-01 0.00000000E+00 0.00000000E+00 0.00000000E+00 0.00000000E+00 0.00000000E+00
 0.00000000E+00 0.00000000E+00 0.30498795E-09 0.00000000E+00-0.82660663E-10 0.00000000E+00-0.29507832E-09 0.00000000E+00
 0.18227905E-10 0.00000000E+00 0.21255268E-10 0.00000000E+00-0.74642732E-13 0.00000000E+00-0.93067040E-10 0.00000000E+00
-0.79399586E-11 0.00000000E+00-0.15839773E-11 0.00000000E+00-0.26965611E-11 0.00000000E+00-0.17392145E-11
 0.53401818E+01 0.59008229E+00 0.00000000E+00 0.00000000E+00 0.00000000E+00 0.00000000E+00 0.50358778E+00-0.24997842E+00
 0.94847214E+00-0.22250600E+00-0.30000000E+02 0.10598387E+01-0.30000000E+02-0.11943590E+02-0.56567524E+02 0.10000000E+01
 0.00000000E+00 0.00000000E+00 0.00000000E+00 0.00000000E+00 0.00000000E+00 0.25360066E+00-0.23222376E+00 0.98261148E+00
-0.75120586E+00 0.81658727E+00-0.70822105E-01 0.00000000E+00 0.00000000E+00 0.00000000E+00 0.00000000E+00 0.00000000E+00
 0.00000000E+00 0.00000000E+00-0.96716624E-09 0.00000000E+00 0.26213037E-09 0.00000000E+00 0.93574126E-09 0.00000000E+00
-0.57803644E-10 0.00000000E+00-0.67403902E-10 0.00000000E+00 0.23670421E-12 0.00000000E+00 0.29513067E-09 0.00000000E+00
 0.25178897E-10 0.00000000E+00 0.50230488E-11 0.00000000E+00 0.85512326E-11 0.00000000E+00 0.55153312E-11
 0.54917531E+01 0.25136936E-01 0.00000000E+00 0.00000000E+00 0.00000000E+00 0.00000000E+00 0.48866916E+00 0.62407695E-01
 0.94268346E+00 0.73266085E-02-0.30000000E+02-0.33609202E+01-0.30000000E+02-0.92303638E+01 0.10632528E+02 0.10000000E+01
 0.00000000E+00 0.00000000E+00 0.00000000E+00 0.00000000E+00 0.00000000E+00 0.23879753E+00 0.58655389E-01 0.87629098E+00
 0.21403363E+00 0.90101326E+00-0.18493594E+00 0.00000000E+00 0.00000000E+00 0.00000000E+00 0.00000000E+00 0.00000000E+00
 0.00000000E+00 0.00000000E+00 0.30670408E-08 0.00000000E+00-0.83125795E-09 0.13457212E-09-0.22453204E-08 0.00000000E+00
 0.18330473E-09 0.00000000E+00 0.21374871E-09 0.00000000E+00-0.75062748E-12 0.00000000E+00-0.93590724E-09 0.00000000E+00
-0.79846366E-10 0.00000000E+00-0.15928902E-10 0.00000000E+00-0.27117347E-10 0.00000000E+00-0.17490009E-10
 0.58305345E+01-0.18230861E+00 0.00000000E+00 0.00000000E+00 0.00000000E+00 0.00000000E+00 0.47429794E+00-0.19421233E-01
 0.89669502E+00 0.32180883E-01-0.30000000E+02 0.10658023E+02-0.30000000E+02-0.75743823E+01-0.25495501E+01 0.10000000E+01
 0.00000000E+00 0.00000000E+00 0.00000000E+00 0.00000000E+00 0.00000000E+00 0.22495852E+00-0.18093102E-01 0.80264598E+00
 0.21942053E-02 0.80547786E+00 0.11357584E+00 0.00000000E+00 0.00000000E+00 0.00000000E+00 0.00000000E+00 0.00000000E+00
 0.00000000E+00 0.10063641E-07 0.16370766E-07 0.30573084E-08 0.10564210E-07 0.10764273E-07 0.34024755E-07 0.44585749E-09
 0.57490057E-09 0.63693925E-10-0.51266191E-09 0.00000000E+00 0.23803615E-11 0.12101846E-08 0.61061423E-08 0.19108178E-09
 0.74871553E-09 0.00000000E+00 0.50513135E-10 0.00000000E+00 0.85993504E-10 0.00000000E+00 0.55463655E-10
 0.58425488E+01 0.49365247E-02 0.00000000E+00 0.00000000E+00 0.00000000E+00 0.00000000E+00 0.45486429E+00 0.24012391E-01
 0.89740896E+00-0.30398043E-01-0.90959682E+01-0.75999684E+01-0.90959682E+01-0.59750729E+01 0.27132040E+00 0.10000000E+01
 0.00000000E+00 0.00000000E+00 0.00000000E+00 0.00000000E+00 0.00000000E+00 0.20690152E+00 0.22883950E-01 0.78979146E+00
-0.39579675E-01 0.82089418E+00-0.64951353E-01 0.00000000E+00 0.00000000E+00 0.00000000E+00 0.00000000E+00 0.00000000E+00
 0.00000000E+00 0.80134264E-07 0.12039528E-07 0.39848782E-07 0.53591176E-08 0.15459145E-06 0.47295078E-07 0.94982040E-08
 0.84646770E-08 0.27293687E-08 0.48155062E-08 0.00000000E+00-0.75485148E-11 0.37446938E-07 0.23181153E-07 0.73147088E-08
 0.61004144E-08 0.43669901E-09 0.38711562E-09 0.65504852E-09 0.54825217E-09 0.00000000E+00-0.17588429E-09
 0.57403069E+01 0.37607662E-01 0.00000000E+00 0.00000000E+00 0.00000000E+00 0.00000000E+00 0.51005846E+00-0.17547047E-01
 0.79551029E+00 0.18347507E-01-0.67625499E+01 0.15578735E+01-0.67625499E+01-0.52903132E+01-0.12611499E+00 0.10000000E+01
 0.00000000E+00 0.00000000E+00 0.00000000E+00 0.00000000E+00 0.00000000E+00 0.26015961E+00-0.17016597E-01 0.61105770E+00
 0.35606291E-01 0.65461546E+00 0.27106985E-01 0.00000000E+00 0.00000000E+00 0.00000000E+00 0.00000000E+00 0.00000000E+00
 0.00000000E+00 0.26175121E-06-0.32447796E-08 0.13785338E-06 0.17922931E-08 0.68007665E-06 0.89706678E-08 0.83562973E-07
 0.78755811E-08 0.43568473E-07 0.64435572E-08 0.00000000E+00 0.23937567E-10 0.25953878E-06 0.20110404E-07 0.70288202E-07
 0.10732979E-07 0.71479529E-08 0.23369124E-08 0.54460592E-08 0.41260800E-09 0.11913255E-08 0.12793389E-08
 0.60662689E+01 0.75335372E-02 0.00000000E+00 0.00000000E+00 0.00000000E+00 0.00000000E+00 0.47664958E+00 0.97773969E-02
 0.76744860E+00-0.63800686E-02-0.47500038E+01-0.39176717E+00-0.47500038E+01-0.50958419E+01 0.75505017E-02 0.10000000E+01
 0.00000000E+00 0.00000000E+00 0.00000000E+00 0.00000000E+00 0.00000000E+00 0.22719482E+00 0.97086858E-02 0.61982954E+00
-0.15375430E-01 0.55812520E+00-0.49790088E-02 0.00000000E+00 0.00000000E+00 0.00000000E+00 0.00000000E+00 0.00000000E+00
 0.00000000E+00 0.50481833E-06-0.26905425E-08 0.30444770E-06-0.23026412E-08 0.16232021E-05-0.84826510E-08 0.31378795E-06
 0.36206540E-08 0.20882132E-06 0.59839760E-08 0.22238691E-09-0.10810998E-10 0.89710881E-06 0.88199235E-08 0.34203109E-06
 0.12400313E-07 0.55819118E-07 0.32293213E-08 0.24684947E-07 0.18343466E-08 0.27798363E-07 0.30718121E-08
 0.69436455E+01 0.61053461E-02 0.00000000E+00 0.00000000E+00 0.00000000E+00 0.00000000E+00 0.54001027E+00-0.51879017E-02
 0.67976528E+00 0.21815773E-02-0.31318433E+01 0.64587623E-01-0.31318433E+01-0.52485414E+01 0.89682068E-03 0.10000000E+01
 0.00000000E+00 0.00000000E+00 0.00000000E+00 0.00000000E+00 0.00000000E+00 0.29161114E+00-0.52647386E-02 0.46930486E+00
 0.42950236E-02 0.45485687E+00 0.30624392E-02 0.00000000E+00 0.00000000E+00 0.00000000E+00 0.00000000E+00 0.00000000E+00
 0.00000000E+00 0.76559769E-06-0.11936491E-08 0.49562505E-06-0.29495958E-09 0.28029024E-05-0.25088314E-08 0.77990211E-06
 0.13410355E-08 0.64943970E-06 0.39390056E-08 0.57447125E-09 0.24566574E-10 0.21619362E-05 0.53090696E-08 0.11492583E-05
 0.93976649E-08 0.23487254E-06 0.28533835E-08 0.10854634E-06 0.14430297E-08 0.20129471E-06 0.78265430E-08
 0.85811644E+01-0.26570135E-03 0.00000000E+00 0.00000000E+00 0.00000000E+00 0.00000000E+00 0.48911744E+00 0.10805014E-02
 0.60167360E+00 0.32339361E-03-0.19013106E+01-0.21636432E-01-0.19013106E+01-0.53787055E+01-0.21711362E-02 0.10000000E+01
 0.00000000E+00 0.00000000E+00 0.00000000E+00 0.00000000E+00 0.00000000E+00 0.23923588E+00 0.11835959E-02 0.32516158E+00
 0.10758818E-02 0.39886060E+00-0.59353246E-03 0.00000000E+00 0.00000000E+00 0.00000000E+00 0.00000000E+00 0.00000000E+00
 0.00000000E+00 0.10479628E-05-0.42446502E-09 0.72579326E-06-0.46444218E-09 0.42420206E-05-0.32252159E-08 0.15654603E-05
 0.80438556E-09 0.15683781E-05 0.19804716E-08 0.30798597E-08 0.60898737E-10 0.43610003E-05 0.18279396E-08 0.29847893E-05
 0.56267027E-08 0.71071815E-06 0.30058143E-08 0.34186442E-06 0.15371433E-08 0.10119770E-05 0.96947526E-08
 0.11031672E+02-0.20361731E-03 0.00000000E+00 0.00000000E+00 0.00000000E+00 0.00000000E+00 0.41624168E+00-0.45786059E-04
 0.55804157E+00-0.34294435E-03-0.93923008E+00 0.17559296E-02-0.93923008E+00-0.57392216E+01 0.10115532E-02 0.10000000E+01
 0.00000000E+00 0.00000000E+00 0.00000000E+00 0.00000000E+00 0.00000000E+00 0.17325714E+00-0.43528747E-04 0.30179152E+00
-0.55428216E-03 0.32102928E+00-0.26922076E-04 0.00000000E+00 0.00000000E+00 0.00000000E+00 0.00000000E+00 0.00000000E+00
 0.00000000E+00 0.13732472E-05-0.40380735E-09 0.10017867E-05-0.40769797E-10 0.58801215E-05-0.15961532E-08 0.27915512E-05
-0.48368964E-09 0.32158111E-05 0.13058924E-08 0.13339744E-07-0.36054337E-11 0.78219409E-05-0.50922218E-10 0.65369409E-05
 0.45210928E-08 0.18178433E-05 0.17915188E-08 0.90607648E-06 0.13391078E-08 0.36749593E-05 0.11152717E-07
 0.14497743E+02-0.64996057E-04 0.00000000E+00 0.00000000E+00 0.00000000E+00 0.00000000E+00 0.35846174E+00 0.15543947E-03
 0.45223236E+00 0.25043290E-03-0.20734477E+00-0.13245936E-02-0.20734477E+00-0.61078768E+01 0.47418394E-03 0.10000000E+01
 0.00000000E+00 0.00000000E+00 0.00000000E+00 0.00000000E+00 0.00000000E+00 0.12849481E+00 0.12556832E-03 0.21114312E+00
 0.22048320E-03 0.19788511E+00 0.32522730E-03 0.00000000E+00 0.00000000E+00 0.00000000E+00 0.00000000E+00 0.00000000E+00
 0.00000000E+00 0.17286260E-05-0.13291157E-09 0.13535719E-05-0.26102628E-09 0.77325503E-05-0.39356282E-09 0.45142110E-05
 0.42574860E-09 0.59895651E-05 0.64768851E-09 0.32572942E-07 0.41351464E-10 0.12885190E-04 0.25707905E-09 0.13014153E-04
 0.26011202E-08 0.40124546E-05 0.14515008E-08 0.21350565E-05 0.10570391E-08 0.10940122E-04 0.10299047E-07
 0.19413923E+02-0.17521199E-03 0.00000000E+00 0.00000000E+00 0.00000000E+00 0.00000000E+00 0.33354890E+00-0.45963123E-04
 0.37951198E+00 0.28001136E-05 0.40415567E+00-0.13572838E-03 0.40415567E+00-0.63596921E+01-0.16154206E-03 0.10000000E+01
 0.00000000E+00 0.00000000E+00 0.00000000E+00 0.00000000E+00 0.00000000E+00 0.11125486E+00-0.31561813E-04 0.13397668E+00
 0.48626287E-04 0.15408199E+00-0.54830889E-04 0.00000000E+00 0.00000000E+00 0.00000000E+00 0.00000000E+00 0.00000000E+00
 0.00000000E+00 0.21322267E-05-0.99091839E-10 0.17354827E-05-0.44624148E-10 0.10011026E-04-0.53645222E-09 0.71331569E-05
-0.19051483E-10 0.10445052E-04 0.48966475E-09 0.83574093E-07 0.42414731E-10 0.20319067E-04 0.32648226E-09 0.24120289E-04
 0.18459146E-08 0.81796970E-05 0.16319006E-08 0.46917999E-05 0.15743131E-08 0.28526105E-04 0.12401562E-07
 0.26314232E+02 0.00000000E+00 0.00000000E+00 0.00000000E+00 0.00000000E+00 0.00000000E+00 0.28490606E+00 0.00000000E+00
 0.32412583E+00 0.00000000E+00 0.91353756E+00 0.00000000E+00 0.91353756E+00-0.67803688E+01 0.00000000E+00 0.10000000E+01
 0.00000000E+00 0.00000000E+00 0.00000000E+00 0.00000000E+00 0.00000000E+00 0.81171460E-01 0.00000000E+00 0.10826524E+00
 0.00000000E+00 0.10184988E+00 0.00000000E+00 0.00000000E+00 0.00000000E+00 0.00000000E+00 0.00000000E+00 0.00000000E+00
 0.00000000E+00 0.25979491E-05 0.00000000E+00 0.21956348E-05 0.00000000E+00 0.12727560E-04 0.00000000E+00 0.10962407E-04
 0.00000000E+00 0.17419812E-04 0.00000000E+00 0.20319452E-06 0.00000000E+00 0.31356973E-04 0.00000000E+00 0.42258438E-04
 0.00000000E+00 0.15927830E-04 0.00000000E+00 0.99974541E-05 0.00000000E+00 0.67013985E-04 0.00000000E+00
 H Extr:     1    1    1    1    1    1    1    1    1    1    1    1    1
 L Extr:     0    0    0    0    0    0    0    0    0    0    0    0    0
 Thresholds:         13        10         1
 Interp:     2    2    2    2    2    2    2    2    2    2    2    2    2
 A     = 0.00000000E+00, Z     = 0.00000000E+00, EMPROB= 0.00000000E+00, EPAIR = 0.00000000E+00
 Ion diffusion:  0.00000000E+00 0.00000000E+00
 CMEAN = 0.00000000E+00, RHO   = 0.00000000E+00, PGAS  = 0.76000000E+03, TGAS  = 0.29300000E+03
 CLSTYP    : NOT SET   
 FCNCLS    :                                                                                 
 NCLS      :          0
 Average   :  0.000000000000000000D+00
  Heed initialisation done: T
  Gas components:     2
           3 0.86000001E+00
          11 0.14000000E+00
  SRIM initialisation done: F
