*----.----1----.----2----.----3----.----4----.----5----.----6----.----7----.----8----.----9----.---10----.---11----.---12----.---13--
% Created 13/02/18 at 14.17.15 GASDATA  GAS      "magboltz-ar80-co220          "
 Version   : 12
 GASOK bits: TTTTFTFTFFTFFFTTFFFF
 Identifier: CO2 20%, Ar 80%, T=293 K, p=1 atm                                               
 Clusters  :                                                                                 
 Dimension : F        20         1         1         9         2
 E fields   
 0.13157895E+00 0.18926972E+00 0.27225500E+00 0.39162517E+00 0.56333321E+00
 0.81032670E+00 0.11656141E+01 0.16766776E+01 0.24118168E+01 0.34692779E+01
 0.49903827E+01 0.71784143E+01 0.10325788E+02 0.14853131E+02 0.21365482E+02
 0.30733185E+02 0.44208138E+02 0.63591183E+02 0.91472748E+02 0.13157895E+03
 E-B angles 
 0.15707964E+01
 B fields   
 0.00000000E+00
 Mixture:   
 0.00000000E+00 0.00000000E+00 0.00000000E+00 0.00000000E+00 0.00000000E+00
 0.00000000E+00 0.00000000E+00 0.00000000E+00 0.00000000E+00 0.00000000E+00
 0.00000000E+00 0.20000000E+02 0.00000000E+00 0.00000000E+00 0.00000000E+00
 0.00000000E+00 0.00000000E+00 0.00000000E+00 0.00000000E+00 0.00000000E+00
 0.00000000E+00 0.00000000E+00 0.00000000E+00 0.00000000E+00 0.00000000E+00
 0.00000000E+00 0.00000000E+00 0.00000000E+00 0.00000000E+00 0.00000000E+00
 0.00000000E+00 0.00000000E+00 0.00000000E+00 0.00000000E+00 0.00000000E+00
 0.00000000E+00 0.00000000E+00 0.00000000E+00 0.00000000E+00 0.00000000E+00
 0.00000000E+00 0.00000000E+00 0.00000000E+00 0.00000000E+00 0.00000000E+00
 0.00000000E+00 0.80000000E+02 0.00000000E+00 0.00000000E+00 0.00000000E+00
 0.00000000E+00 0.00000000E+00 0.00000000E+00 0.00000000E+00 0.00000000E+00
 0.00000000E+00 0.00000000E+00 0.00000000E+00 0.00000000E+00 0.00000000E+00
 Excitation     1: CO2-1                                           0.79000001E+01 0.00000000E+00 0.00000000E+00 0.00000000E+00
 Excitation     2: CO2-2                                           0.88999996E+01 0.00000000E+00 0.00000000E+00 0.00000000E+00
 Excitation     3: CO2-3                                           0.10500000E+02 0.00000000E+00 0.00000000E+00 0.00000000E+00
 Excitation     4: CO2-4                                           0.12200000E+02 0.00000000E+00 0.00000000E+00 0.00000000E+00
 Excitation     5: CO2-5                                           0.13200000E+02 0.00000000E+00 0.00000000E+00 0.00000000E+00
 Excitation     6: CO2-6                                           0.15000000E+02 0.00000000E+00 0.00000000E+00 0.00000000E+00
 Excitation     7: ARGON-S                                         0.11550000E+02 0.00000000E+00 0.00000000E+00 0.00000000E+00
 Excitation     8: ARGON-P                                         0.13000000E+02 0.00000000E+00 0.00000000E+00 0.00000000E+00
 Excitation     9: ARGON-D                                         0.14000000E+02 0.00000000E+00 0.00000000E+00 0.00000000E+00
 Ionisation     1: CO2-IONISATION                                  0.13773000E+02
 Ionisation     2: ARGON-IONISATION                                0.15700000E+02
 The gas tables follow:
 0.33762330E+00 0.00000000E+00 0.00000000E+00 0.00000000E+00 0.00000000E+00 0.00000000E+00 0.61728901E+00 0.00000000E+00
 0.66268206E+00 0.00000000E+00-0.30000000E+02 0.00000000E+00-0.30000000E+02-0.30000000E+02 0.00000000E+00 0.10000000E+01
 0.00000000E+00 0.00000000E+00 0.00000000E+00 0.00000000E+00 0.00000000E+00 0.38104570E+00 0.00000000E+00 0.45768568E+00
 0.00000000E+00 0.42060938E+00 0.00000000E+00 0.00000000E+00 0.00000000E+00 0.00000000E+00 0.00000000E+00 0.00000000E+00
 0.00000000E+00 0.00000000E+00 0.00000000E+00 0.00000000E+00 0.00000000E+00 0.00000000E+00 0.00000000E+00 0.00000000E+00
 0.00000000E+00 0.00000000E+00 0.00000000E+00 0.00000000E+00 0.00000000E+00 0.00000000E+00 0.00000000E+00 0.00000000E+00
 0.00000000E+00 0.00000000E+00 0.00000000E+00 0.00000000E+00 0.00000000E+00 0.00000000E+00 0.00000000E+00
 0.48144600E+00 0.11382757E+01 0.00000000E+00 0.00000000E+00 0.00000000E+00 0.00000000E+00 0.53992301E+00 0.25859316E+02
 0.56723100E+00 0.96305084E+01-0.30000000E+02-0.27081257E-03-0.30000000E+02-0.30000000E+02 0.74792229E-01 0.10000000E+01
 0.00000000E+00 0.00000000E+00 0.00000000E+00 0.00000000E+00 0.00000000E+00 0.29151687E+00 0.30181042E+02 0.31715679E+00
 0.28791695E+02 0.32634524E+00 0.49793859E+01 0.00000000E+00 0.00000000E+00 0.00000000E+00 0.00000000E+00 0.00000000E+00
 0.00000000E+00 0.00000000E+00-0.14362249E-12 0.00000000E+00 0.26003895E-13 0.00000000E+00-0.10983701E-12 0.00000000E+00
-0.11355341E-13 0.00000000E+00 0.11783224E-13 0.00000000E+00 0.17170700E-16 0.00000000E+00 0.15602296E-13 0.00000000E+00
 0.10457618E-13 0.00000000E+00 0.28712545E-14 0.00000000E+00-0.14273659E-14 0.00000000E+00-0.97738645E-15
 0.69457096E+00 0.15802824E+01 0.00000000E+00 0.00000000E+00 0.00000000E+00 0.00000000E+00 0.51767612E+00-0.10095632E+02
 0.48285472E+00 0.13460691E+02-0.30000000E+02 0.91815897E-03-0.30000000E+02-0.30000000E+02-0.25357449E+00 0.10000000E+01
 0.00000000E+00 0.00000000E+00 0.00000000E+00 0.00000000E+00 0.00000000E+00 0.26798853E+00-0.10621143E+02 0.24215990E+00
 0.13163377E+02 0.22413747E+00 0.12206367E+02 0.00000000E+00 0.00000000E+00 0.00000000E+00 0.00000000E+00 0.00000000E+00
 0.00000000E+00 0.00000000E+00 0.48693558E-12 0.00000000E+00-0.88163228E-13 0.00000000E+00 0.37238981E-12 0.00000000E+00
 0.38498986E-13 0.00000000E+00-0.39949672E-13 0.00000000E+00-0.58215291E-16 0.00000000E+00-0.52897797E-13 0.00000000E+00
-0.35455356E-13 0.00000000E+00-0.97346600E-14 0.00000000E+00 0.48393207E-14 0.00000000E+00 0.33137168E-14
 0.10226420E+01 0.29046583E+01 0.00000000E+00 0.00000000E+00 0.00000000E+00 0.00000000E+00 0.46526673E+00 0.76574326E+01
 0.47639900E+00-0.39440024E+01-0.30000000E+02-0.29246460E-02-0.30000000E+02-0.30000000E+02 0.80772024E+00 0.10000000E+01
 0.00000000E+00 0.00000000E+00 0.00000000E+00 0.00000000E+00 0.00000000E+00 0.21647313E+00 0.75872822E+01 0.26527104E+00
-0.94878988E+01 0.18864100E+00 0.21141760E+01 0.00000000E+00 0.00000000E+00 0.00000000E+00 0.00000000E+00 0.00000000E+00
 0.00000000E+00 0.00000000E+00-0.15510540E-11 0.00000000E+00 0.28082961E-12 0.00000000E+00-0.11861871E-11 0.00000000E+00
-0.12263225E-12 0.00000000E+00 0.12725317E-12 0.00000000E+00 0.18543532E-15 0.00000000E+00 0.16849732E-12 0.00000000E+00
 0.11293727E-12 0.00000000E+00 0.31008175E-13 0.00000000E+00-0.15414868E-13 0.00000000E+00-0.10555305E-13
 0.15666389E+01 0.37225676E+01 0.00000000E+00 0.00000000E+00 0.00000000E+00 0.00000000E+00 0.48379636E+00 0.16930096E+00
 0.45447856E+00 0.14428198E+01-0.30000000E+02 0.92773791E-02-0.30000000E+02-0.30000000E+02-0.25621996E+01 0.10000000E+01
 0.00000000E+00 0.00000000E+00 0.00000000E+00 0.00000000E+00 0.00000000E+00 0.23405893E+00 0.31870577E+00 0.20746934E+00
 0.44884720E+01 0.20563217E+00-0.18050745E+01 0.00000000E+00 0.00000000E+00 0.00000000E+00 0.00000000E+00 0.00000000E+00
 0.00000000E+00 0.00000000E+00 0.49201563E-11 0.00000000E+00-0.89083016E-12 0.00000000E+00 0.37627484E-11 0.00000000E+00
 0.38900635E-12 0.00000000E+00-0.40366454E-12 0.00000000E+00-0.58822632E-15 0.00000000E+00-0.53449665E-12 0.00000000E+00
-0.35825254E-12 0.00000000E+00-0.98362189E-13 0.00000000E+00 0.48898080E-13 0.00000000E+00 0.33482880E-13
 0.25277319E+01 0.29233866E+01 0.00000000E+00 0.00000000E+00 0.00000000E+00 0.00000000E+00 0.56376284E+00-0.65402657E+00
 0.45392513E+00 0.89685744E+00-0.30000000E+02-0.29420698E-01-0.30000000E+02-0.30000000E+02 0.81253223E+01 0.10000000E+01
 0.00000000E+00 0.00000000E+00 0.00000000E+00 0.00000000E+00 0.00000000E+00 0.31782857E+00-0.60422760E+00 0.21248674E+00
 0.49142808E-01 0.19960932E+00 0.16539836E+01 0.00000000E+00 0.00000000E+00 0.00000000E+00 0.00000000E+00 0.00000000E+00
 0.00000000E+00 0.00000000E+00-0.15602944E-10 0.00000000E+00 0.28250267E-11 0.00000000E+00-0.11932537E-10 0.00000000E+00
-0.12336283E-11 0.00000000E+00 0.12801128E-11 0.00000000E+00 0.18654005E-14 0.00000000E+00 0.16950115E-11 0.00000000E+00
 0.11361010E-11 0.00000000E+00 0.31192906E-12 0.00000000E+00-0.15506703E-12 0.00000000E+00-0.10618190E-12
 0.40847297E+01-0.42041659E+01 0.00000000E+00 0.00000000E+00 0.00000000E+00 0.00000000E+00 0.60587484E+00-0.13661656E+01
 0.53691941E+00-0.60958959E-01-0.30000000E+02 0.93297973E-01-0.30000000E+02-0.30000000E+02-0.25766762E+02 0.10000000E+01
 0.00000000E+00 0.00000000E+00 0.00000000E+00 0.00000000E+00 0.00000000E+00 0.36708429E+00-0.15593423E+01 0.29405388E+00
 0.24707341E+00 0.28251100E+00-0.43533556E-03 0.00000000E+00 0.00000000E+00 0.00000000E+00 0.00000000E+00 0.00000000E+00
 0.00000000E+00 0.00000000E+00 0.49479556E-10 0.00000000E+00-0.89586342E-11 0.00000000E+00 0.37840078E-10 0.00000000E+00
 0.39120426E-11 0.00000000E+00-0.40594529E-11 0.00000000E+00-0.59154985E-14 0.00000000E+00-0.53751660E-11 0.00000000E+00
-0.36027670E-11 0.00000000E+00-0.98917944E-12 0.00000000E+00 0.49174358E-12 0.00000000E+00 0.33672061E-12
 0.55837975E+01-0.47916732E+01 0.00000000E+00 0.00000000E+00 0.00000000E+00 0.00000000E+00 0.47180668E+00 0.61510593E+00
 0.66790831E+00-0.15020597E+00-0.30000000E+02-0.29586297E+00-0.30000000E+02-0.30000000E+02 0.81710571E+02 0.10000000E+01
 0.00000000E+00 0.00000000E+00 0.00000000E+00 0.00000000E+00 0.00000000E+00 0.22260153E+00 0.76012427E+00 0.43741840E+00
-0.27377579E+00 0.45478457E+00 0.69705382E-01 0.00000000E+00 0.00000000E+00 0.00000000E+00 0.00000000E+00 0.00000000E+00
 0.00000000E+00 0.00000000E+00-0.15690768E-09 0.00000000E+00 0.28409278E-10 0.00000000E+00-0.11999701E-09 0.00000000E+00
-0.12405721E-10 0.00000000E+00 0.12873183E-10 0.00000000E+00 0.18759003E-13 0.00000000E+00 0.17045521E-10 0.00000000E+00
 0.11424957E-10 0.00000000E+00 0.31368482E-11 0.00000000E+00-0.15593984E-11 0.00000000E+00-0.10677956E-11
 0.60236092E+01 0.11101601E+00 0.00000000E+00 0.00000000E+00 0.00000000E+00 0.00000000E+00 0.39082032E+00 0.10624725E+00
 0.78827071E+00-0.20397097E+00-0.30000000E+02 0.93822944E+00-0.30000000E+02-0.12107099E+02-0.60465546E+02 0.10000000E+01
 0.00000000E+00 0.00000000E+00 0.00000000E+00 0.00000000E+00 0.00000000E+00 0.15274054E+00 0.38712732E-01 0.57727331E+00
 0.19608099E-01 0.66546810E+00-0.64817995E+00 0.00000000E+00 0.00000000E+00 0.00000000E+00 0.00000000E+00 0.00000000E+00
 0.00000000E+00 0.00000000E+00 0.49757970E-09 0.00000000E+00-0.90090428E-10 0.00000000E+00 0.38052997E-09 0.00000000E+00
 0.39340552E-10 0.00000000E+00-0.40822949E-10 0.00000000E+00-0.59487842E-13 0.00000000E+00-0.54054112E-10 0.00000000E+00
-0.36230394E-10 0.00000000E+00-0.99474543E-11 0.00000000E+00 0.49451055E-11 0.00000000E+00 0.33861529E-11
 0.61400681E+01 0.18506290E+00 0.00000000E+00 0.00000000E+00 0.00000000E+00 0.00000000E+00 0.41090685E+00-0.54988340E-01
 0.81441176E+00 0.72423676E-02-0.30000000E+02-0.29752777E+01-0.30000000E+02-0.11207163E+02 0.14924262E+02 0.10000000E+01
 0.00000000E+00 0.00000000E+00 0.00000000E+00 0.00000000E+00 0.00000000E+00 0.16884443E+00-0.34073371E-01 0.71271235E+00
-0.22886454E+00 0.61382073E+00 0.24589713E+00 0.00000000E+00 0.00000000E+00 0.00000000E+00 0.00000000E+00 0.00000000E+00
 0.00000000E+00 0.41680621E-10-0.13542623E-08 0.00000000E+00 0.28569136E-09 0.00000000E+00-0.12067223E-08 0.00000000E+00
-0.12475528E-09 0.00000000E+00 0.12945620E-09 0.00000000E+00 0.18864559E-12 0.00000000E+00 0.17141435E-09 0.00000000E+00
 0.11489246E-09 0.00000000E+00 0.31544992E-10 0.00000000E+00-0.15681732E-10 0.00000000E+00-0.10738040E-10
 0.65324812E+01-0.12142403E+00 0.00000000E+00 0.00000000E+00 0.00000000E+00 0.00000000E+00 0.40599188E+00 0.24897927E-01
 0.80245548E+00-0.11270426E-01-0.30000000E+02 0.94350882E+01-0.30000000E+02-0.82083511E+01-0.41442285E+01 0.10000000E+01
 0.00000000E+00 0.00000000E+00 0.00000000E+00 0.00000000E+00 0.00000000E+00 0.16482940E+00 0.18127216E-01 0.62640417E+00
 0.33285290E-01 0.66146553E+00-0.66871375E-01 0.00000000E+00 0.00000000E+00 0.00000000E+00 0.00000000E+00 0.00000000E+00
 0.00000000E+00 0.24262472E-08 0.10273697E-07 0.11322487E-08 0.20301534E-08 0.24801639E-08 0.10258228E-07 0.00000000E+00
 0.39561920E-09 0.00000000E+00-0.41052661E-09 0.00000000E+00-0.59822579E-12 0.21566642E-09 0.15679458E-10 0.53916604E-10
-0.22452706E-09 0.00000000E+00-0.10003429E-09 0.00000000E+00 0.49729318E-10 0.00000000E+00 0.34052067E-10
 0.68190451E+01-0.65266393E-01 0.00000000E+00 0.00000000E+00 0.00000000E+00 0.00000000E+00 0.42655158E+00-0.11558732E-01
 0.76626575E+00 0.93751382E-02-0.11312682E+02-0.64999800E+01-0.11312682E+02-0.63782086E+01 0.56280410E+00 0.10000000E+01
 0.00000000E+00 0.00000000E+00 0.00000000E+00 0.00000000E+00 0.00000000E+00 0.18194625E+00-0.90805497E-02 0.50387394E+00
 0.48284993E-01 0.67045236E+00-0.18855555E-01 0.00000000E+00 0.00000000E+00 0.00000000E+00 0.00000000E+00 0.00000000E+00
 0.00000000E+00 0.46152774E-07 0.16611933E-07 0.17578040E-07 0.11488199E-07 0.77809915E-07 0.55996797E-07 0.48318789E-08
 0.48010675E-08 0.12496238E-08 0.28679608E-08 0.00000000E+00 0.18970715E-11 0.99969908E-08 0.11697503E-07 0.13329321E-08
 0.21871116E-08 0.83308256E-10 0.42163262E-09 0.83308256E-10-0.53292176E-10 0.00000000E+00-0.10798466E-09
 0.67661090E+01 0.23955630E-01 0.00000000E+00 0.00000000E+00 0.00000000E+00 0.00000000E+00 0.42782965E+00 0.47409101E-02
 0.75528502E+00 0.92959183E-03-0.79076738E+01 0.12590603E+01-0.79076738E+01-0.56332598E+01-0.17040822E+00 0.10000000E+01
 0.00000000E+00 0.00000000E+00 0.00000000E+00 0.00000000E+00 0.00000000E+00 0.18303822E+00 0.39327783E-02 0.59286785E+00
-0.26185103E-01 0.54804313E+00 0.28443431E-01 0.00000000E+00 0.00000000E+00 0.00000000E+00 0.00000000E+00 0.00000000E+00
 0.00000000E+00 0.22224047E-06 0.50952456E-08 0.11437018E-06 0.39372314E-08 0.55248955E-06 0.24897345E-07 0.60158442E-07
 0.12748740E-07 0.29180299E-07 0.63906498E-08 0.00000000E+00-0.60159221E-11 0.12128494E-06 0.19214616E-07 0.29318596E-07
 0.85773859E-08 0.33190863E-08 0.52736049E-09 0.22127242E-08 0.13633050E-08 0.27659053E-09 0.50996674E-09
 0.68744411E+01 0.18155817E-01 0.00000000E+00 0.00000000E+00 0.00000000E+00 0.00000000E+00 0.45061016E+00-0.19076390E-02
 0.75381887E+00-0.54746699E-02-0.51273398E+01-0.36984581E+00-0.51273398E+01-0.51515541E+01 0.13821726E-01 0.10000000E+01
 0.00000000E+00 0.00000000E+00 0.00000000E+00 0.00000000E+00 0.00000000E+00 0.20304953E+00-0.16228349E-02 0.53722697E+00
 0.14494585E-02 0.59925884E+00-0.16790178E-01 0.00000000E+00 0.00000000E+00 0.00000000E+00 0.00000000E+00 0.00000000E+00
 0.00000000E+00 0.55610985E-06-0.52365370E-08 0.31922656E-06-0.21247857E-08 0.16624757E-05 0.17082198E-08 0.31298251E-06
 0.41512660E-08 0.18127228E-06 0.91001313E-08 0.00000000E+00 0.19077458E-10 0.56625640E-06 0.10118101E-07 0.20819971E-06
 0.99783506E-08 0.27317677E-07 0.35814847E-08 0.27317677E-07 0.18672011E-08 0.13463712E-07 0.20898618E-08
 0.76258230E+01 0.60458356E-02 0.00000000E+00 0.00000000E+00 0.00000000E+00 0.00000000E+00 0.45501208E+00-0.84135239E-03
 0.64989465E+00 0.35108272E-02-0.33969336E+01 0.57631657E-01-0.33969336E+01-0.50292950E+01-0.91262441E-02 0.10000000E+01
 0.00000000E+00 0.00000000E+00 0.00000000E+00 0.00000000E+00 0.00000000E+00 0.20703599E+00-0.74037607E-03 0.39570934E+00
 0.45915293E-02 0.44901678E+00 0.54736803E-02 0.00000000E+00 0.00000000E+00 0.00000000E+00 0.00000000E+00 0.00000000E+00
 0.00000000E+00 0.93313503E-06-0.39244624E-09 0.58577058E-06 0.48686621E-09 0.33632393E-05-0.83717886E-08 0.87045993E-06
 0.44807811E-08 0.69472873E-06 0.63937566E-08 0.72317363E-09 0.41812297E-10 0.15847145E-05 0.58699974E-08 0.81236493E-06
 0.92772900E-08 0.16512465E-06 0.21030446E-08 0.12800172E-06 0.18569244E-08 0.12727854E-06 0.59782224E-08
 0.91864157E+01-0.31639956E-03 0.00000000E+00 0.00000000E+00 0.00000000E+00 0.00000000E+00 0.41041073E+00 0.69621607E-03
 0.60505909E+00-0.94156241E-03-0.21074584E+01-0.20302039E-01-0.21074584E+01-0.51408267E+01 0.16825986E-02 0.10000000E+01
 0.00000000E+00 0.00000000E+00 0.00000000E+00 0.00000000E+00 0.00000000E+00 0.16843696E+00 0.60713280E-03 0.39960724E+00
-0.23897355E-02 0.33258584E+00-0.69711648E-04 0.00000000E+00 0.00000000E+00 0.00000000E+00 0.00000000E+00 0.00000000E+00
 0.00000000E+00 0.13772272E-05-0.17460463E-08 0.95137972E-06-0.13906781E-08 0.53860040E-05-0.17737484E-08 0.19385077E-05
 0.11955732E-09 0.18885034E-05 0.31192797E-08 0.44280357E-08 0.27165464E-10 0.34800041E-05 0.24844673E-08 0.23317389E-05
 0.60733507E-08 0.54443240E-06 0.27609863E-08 0.41677538E-06 0.22481799E-08 0.73516202E-06 0.86476941E-08
 0.11541892E+02 0.52588049E-03 0.00000000E+00 0.00000000E+00 0.00000000E+00 0.00000000E+00 0.38957441E+00-0.34404633E-03
 0.53012645E+00 0.40660656E-03-0.10823598E+01 0.13482771E-02-0.10823598E+01-0.53371964E+01-0.54766866E-03 0.10000000E+01
 0.00000000E+00 0.00000000E+00 0.00000000E+00 0.00000000E+00 0.00000000E+00 0.15176822E+00-0.25980835E-03 0.28247100E+00
 0.85416413E-03 0.27959713E+00 0.21436281E-03 0.00000000E+00 0.00000000E+00 0.00000000E+00 0.00000000E+00 0.00000000E+00
 0.00000000E+00 0.18311918E-05 0.84719294E-10 0.13485600E-05 0.12269473E-09 0.78367275E-05-0.33309326E-08 0.35946239E-05
 0.43785436E-09 0.41278226E-05 0.22331688E-08 0.14945293E-07 0.50265000E-10 0.66123371E-05 0.91379321E-09 0.54571674E-05
 0.40174344E-08 0.14817191E-05 0.21197040E-08 0.11577546E-05 0.18458851E-08 0.29572577E-05 0.11058336E-07
 0.15002110E+02-0.41341275E-03 0.00000000E+00 0.00000000E+00 0.00000000E+00 0.00000000E+00 0.33306772E+00 0.25868425E-03
 0.46157724E+00-0.97357326E-04-0.29376858E+00-0.14122159E-02-0.29376858E+00-0.56521683E+01 0.16798591E-03 0.10000000E+01
 0.00000000E+00 0.00000000E+00 0.00000000E+00 0.00000000E+00 0.00000000E+00 0.11093409E+00 0.18956873E-03 0.19131187E+00
 0.43544242E-06 0.23479523E+00-0.17653425E-03 0.00000000E+00 0.00000000E+00 0.00000000E+00 0.00000000E+00 0.00000000E+00
 0.00000000E+00 0.23946900E-05-0.50282645E-09 0.18569285E-05-0.45459594E-09 0.10538802E-04-0.61983430E-09 0.60978450E-05
 0.36446299E-09 0.79998290E-05 0.65445072E-09 0.45848456E-07 0.62618952E-10 0.11421683E-04 0.23887857E-10 0.11263921E-04
 0.30936735E-08 0.34708733E-05 0.11294199E-08 0.28114221E-05 0.15661291E-08 0.94248308E-05 0.87375067E-08
 0.19835207E+02-0.77363606E-04 0.00000000E+00 0.00000000E+00 0.00000000E+00 0.00000000E+00 0.32373840E+00-0.82513405E-04
 0.37122720E+00 0.11112039E-03 0.32893276E+00-0.98371602E-04 0.32893276E+00-0.60565801E+01 0.18676608E-03 0.10000000E+01
 0.00000000E+00 0.00000000E+00 0.00000000E+00 0.00000000E+00 0.00000000E+00 0.10480654E+00-0.56036031E-04 0.14282383E+00
 0.42548385E-04 0.13279545E+00 0.15964246E-03 0.00000000E+00 0.00000000E+00 0.00000000E+00 0.00000000E+00 0.00000000E+00
 0.00000000E+00 0.29880971E-05-0.30191197E-10 0.23998400E-05 0.22182525E-11 0.13791695E-04-0.47552939E-09 0.98868986E-05
-0.86783435E-10 0.14214367E-04 0.12057390E-08 0.12589275E-06 0.27457590E-10 0.18450030E-04 0.13535562E-09 0.21542508E-04
 0.15825371E-08 0.72333037E-05 0.16523433E-08 0.63370562E-05 0.22591091E-08 0.25088715E-04 0.11781281E-07
 0.26640005E+02 0.00000000E+00 0.00000000E+00 0.00000000E+00 0.00000000E+00 0.00000000E+00 0.28353250E+00 0.00000000E+00
 0.32411724E+00 0.00000000E+00 0.87205029E+00 0.00000000E+00 0.87205029E+00-0.64372444E+01 0.00000000E+00 0.10000000E+01
 0.00000000E+00 0.00000000E+00 0.00000000E+00 0.00000000E+00 0.00000000E+00 0.80390684E-01 0.00000000E+00 0.11183009E+00
 0.00000000E+00 0.98273866E-01 0.00000000E+00 0.00000000E+00 0.00000000E+00 0.00000000E+00 0.00000000E+00 0.00000000E+00
 0.00000000E+00 0.37205295E-05 0.00000000E+00 0.30980832E-05 0.00000000E+00 0.17923083E-04 0.00000000E+00 0.15326304E-04
 0.00000000E+00 0.24371540E-04 0.00000000E+00 0.27765918E-06 0.00000000E+00 0.28687424E-04 0.00000000E+00 0.38342681E-04
 0.00000000E+00 0.14357690E-04 0.00000000E+00 0.13753708E-04 0.00000000E+00 0.59956954E-04 0.00000000E+00
 H Extr:     1    1    1    1    1    1    1    1    1    1    1    1    1
 L Extr:     0    0    0    0    0    0    0    0    0    0    0    0    0
 Thresholds:         13        10         1
 Interp:     2    2    2    2    2    2    2    2    2    2    2    2    2
 A     = 0.00000000E+00, Z     = 0.00000000E+00, EMPROB= 0.00000000E+00, EPAIR = 0.00000000E+00
 Ion diffusion:  0.00000000E+00 0.00000000E+00
 CMEAN = 0.00000000E+00, RHO   = 0.00000000E+00, PGAS  = 0.76000000E+03, TGAS  = 0.29300000E+03
 CLSTYP    : NOT SET   
 FCNCLS    :                                                                                 
 NCLS      :          0
 Average   :  0.000000000000000000D+00
  Heed initialisation done: T
  Gas components:     2
           3 0.80000001E+00
          11 0.20000000E+00
  SRIM initialisation done: F
