*----.----1----.----2----.----3----.----4----.----5----.----6----.----7----.----8----.----9----.---10----.---11----.---12----.---13--
% Created 30/01/18 at 11.34.21 GASDATA  GAS      "magboltz-ar70-co230          "
 Version   : 12
 GASOK bits: TTTTFTFTFFTFFFTTFFFF
 Identifier: CO2 30%, Ar 70%, T=293 K, p=1 atm                                               
 Clusters  :                                                                                 
 Dimension : F        20         1         1         9         2
 E fields   
 0.13157895E+00 0.18926972E+00 0.27225500E+00 0.39162517E+00 0.56333321E+00
 0.81032670E+00 0.11656141E+01 0.16766776E+01 0.24118168E+01 0.34692779E+01
 0.49903827E+01 0.71784143E+01 0.10325788E+02 0.14853131E+02 0.21365482E+02
 0.30733185E+02 0.44208138E+02 0.63591183E+02 0.91472748E+02 0.13157895E+03
 E-B angles 
 0.15707964E+01
 B fields   
 0.00000000E+00
 Mixture:   
 0.00000000E+00 0.00000000E+00 0.00000000E+00 0.00000000E+00 0.00000000E+00
 0.00000000E+00 0.00000000E+00 0.00000000E+00 0.00000000E+00 0.00000000E+00
 0.00000000E+00 0.30000000E+02 0.00000000E+00 0.00000000E+00 0.00000000E+00
 0.00000000E+00 0.00000000E+00 0.00000000E+00 0.00000000E+00 0.00000000E+00
 0.00000000E+00 0.00000000E+00 0.00000000E+00 0.00000000E+00 0.00000000E+00
 0.00000000E+00 0.00000000E+00 0.00000000E+00 0.00000000E+00 0.00000000E+00
 0.00000000E+00 0.00000000E+00 0.00000000E+00 0.00000000E+00 0.00000000E+00
 0.00000000E+00 0.00000000E+00 0.00000000E+00 0.00000000E+00 0.00000000E+00
 0.00000000E+00 0.00000000E+00 0.00000000E+00 0.00000000E+00 0.00000000E+00
 0.00000000E+00 0.70000000E+02 0.00000000E+00 0.00000000E+00 0.00000000E+00
 0.00000000E+00 0.00000000E+00 0.00000000E+00 0.00000000E+00 0.00000000E+00
 0.00000000E+00 0.00000000E+00 0.00000000E+00 0.00000000E+00 0.00000000E+00
 Excitation     1: CO2-1                                           0.79000001E+01 0.00000000E+00 0.00000000E+00 0.00000000E+00
 Excitation     2: CO2-2                                           0.88999996E+01 0.00000000E+00 0.00000000E+00 0.00000000E+00
 Excitation     3: CO2-3                                           0.10500000E+02 0.00000000E+00 0.00000000E+00 0.00000000E+00
 Excitation     4: CO2-4                                           0.12200000E+02 0.00000000E+00 0.00000000E+00 0.00000000E+00
 Excitation     5: CO2-5                                           0.13200000E+02 0.00000000E+00 0.00000000E+00 0.00000000E+00
 Excitation     6: CO2-6                                           0.15000000E+02 0.00000000E+00 0.00000000E+00 0.00000000E+00
 Excitation     7: ARGON-S                                         0.11550000E+02 0.00000000E+00 0.00000000E+00 0.00000000E+00
 Excitation     8: ARGON-P                                         0.13000000E+02 0.00000000E+00 0.00000000E+00 0.00000000E+00
 Excitation     9: ARGON-D                                         0.14000000E+02 0.00000000E+00 0.00000000E+00 0.00000000E+00
 Ionisation     1: CO2-IONISATION                                  0.13773000E+02
 Ionisation     2: ARGON-IONISATION                                0.15700000E+02
 The gas tables follow:
 0.22990976E+00 0.00000000E+00 0.00000000E+00 0.00000000E+00 0.00000000E+00 0.00000000E+00 0.62253219E+00 0.00000000E+00
 0.64695609E+00 0.00000000E+00-0.30000000E+02 0.00000000E+00-0.30000000E+02-0.30000000E+02 0.00000000E+00 0.10000000E+01
 0.00000000E+00 0.00000000E+00 0.00000000E+00 0.00000000E+00 0.00000000E+00 0.38754633E+00 0.00000000E+00 0.40191117E+00
 0.00000000E+00 0.43519327E+00 0.00000000E+00 0.00000000E+00 0.00000000E+00 0.00000000E+00 0.00000000E+00 0.00000000E+00
 0.00000000E+00 0.00000000E+00 0.00000000E+00 0.00000000E+00 0.00000000E+00 0.00000000E+00 0.00000000E+00 0.00000000E+00
 0.00000000E+00 0.00000000E+00 0.00000000E+00 0.00000000E+00 0.00000000E+00 0.00000000E+00 0.00000000E+00 0.00000000E+00
 0.00000000E+00 0.00000000E+00 0.00000000E+00 0.00000000E+00 0.00000000E+00 0.00000000E+00 0.00000000E+00
 0.32940573E+00 0.11871608E+01 0.00000000E+00 0.00000000E+00 0.00000000E+00 0.00000000E+00 0.54674238E+00 0.60390110E+01
 0.56560117E+00 0.10374317E+02-0.30000000E+02-0.26691082E-03-0.30000000E+02-0.30000000E+02 0.19709247E-02 0.10000000E+01
 0.00000000E+00 0.00000000E+00 0.00000000E+00 0.00000000E+00 0.00000000E+00 0.29892725E+00 0.10441635E+02 0.31961837E+00
 0.51474261E+01 0.32019097E+00 0.25864317E+02 0.00000000E+00 0.00000000E+00 0.00000000E+00 0.00000000E+00 0.00000000E+00
 0.00000000E+00 0.00000000E+00 0.42930205E-13 0.00000000E+00 0.70681213E-13 0.00000000E+00 0.10481041E-12 0.00000000E+00
 0.14743261E-13 0.00000000E+00-0.45148046E-14 0.00000000E+00 0.20622595E-16 0.00000000E+00 0.11800312E-13 0.00000000E+00
-0.11193998E-14 0.00000000E+00-0.42362696E-15 0.00000000E+00-0.13393956E-14 0.00000000E+00 0.70611139E-15
 0.47637916E+00-0.66754758E+00 0.00000000E+00 0.00000000E+00 0.00000000E+00 0.00000000E+00 0.46748951E+00 0.54602838E+01
 0.49029887E+00 0.11784694E+01-0.30000000E+02 0.90493058E-03-0.30000000E+02-0.30000000E+02-0.66821948E-02 0.10000000E+01
 0.00000000E+00 0.00000000E+00 0.00000000E+00 0.00000000E+00 0.00000000E+00 0.21854645E+00 0.56294761E+01 0.23095012E+00
 0.84298000E+01 0.24983586E+00-0.48591037E+01 0.00000000E+00 0.00000000E+00 0.00000000E+00 0.00000000E+00 0.00000000E+00
 0.00000000E+00 0.00000000E+00-0.14554994E-12 0.00000000E+00-0.23963657E-12 0.00000000E+00-0.35534770E-12 0.00000000E+00
-0.49985339E-13 0.00000000E+00 0.15306929E-13 0.00000000E+00-0.69918546E-16 0.00000000E+00-0.40007609E-13 0.00000000E+00
 0.37951968E-14 0.00000000E+00 0.14362587E-14 0.00000000E+00 0.45410677E-14 0.00000000E+00-0.23939898E-14
 0.68543667E+00 0.44572496E+00 0.00000000E+00 0.00000000E+00 0.00000000E+00 0.00000000E+00 0.40839502E+00 0.40914154E+00
 0.41812977E+00 0.40140376E+01-0.30000000E+02-0.28825090E-02-0.30000000E+02-0.30000000E+02 0.21285044E-01 0.10000000E+01
 0.00000000E+00 0.00000000E+00 0.00000000E+00 0.00000000E+00 0.00000000E+00 0.16678649E+00 0.54641336E+00 0.18139286E+00
 0.67990756E+00 0.16827212E+00 0.67628503E+01 0.00000000E+00 0.00000000E+00 0.00000000E+00 0.00000000E+00 0.00000000E+00
 0.00000000E+00 0.00000000E+00 0.46362567E-12 0.00000000E+00 0.76332327E-12 0.00000000E+00 0.11319023E-11 0.00000000E+00
 0.15922016E-12 0.00000000E+00-0.48757734E-13 0.00000000E+00 0.22271416E-15 0.00000000E+00 0.12743773E-12 0.00000000E+00
-0.12088981E-13 0.00000000E+00-0.45749685E-14 0.00000000E+00-0.14464832E-13 0.00000000E+00 0.76256648E-14
 0.99995160E+00 0.17604355E+01 0.00000000E+00 0.00000000E+00 0.00000000E+00 0.00000000E+00 0.36806503E+00 0.39082792E+01
 0.38253021E+00-0.54705769E+00-0.30000000E+02 0.91437148E-02-0.30000000E+02-0.30000000E+02-0.67519084E-01 0.10000000E+01
 0.00000000E+00 0.00000000E+00 0.00000000E+00 0.00000000E+00 0.00000000E+00 0.13547187E+00 0.30128787E+01 0.15117207E+00
 0.19132115E+00 0.14148666E+00-0.11255451E+01 0.00000000E+00 0.00000000E+00 0.00000000E+00 0.00000000E+00 0.00000000E+00
 0.00000000E+00 0.00000000E+00-0.14706843E-11 0.00000000E+00-0.24213663E-11 0.00000000E+00-0.35905495E-11 0.00000000E+00
-0.50506821E-12 0.00000000E+00 0.15466624E-12 0.00000000E+00-0.70647990E-15 0.00000000E+00-0.40425001E-12 0.00000000E+00
 0.38347909E-13 0.00000000E+00 0.14512429E-13 0.00000000E+00 0.45884435E-13 0.00000000E+00-0.24189657E-13
 0.15303086E+01 0.13873670E+01 0.00000000E+00 0.00000000E+00 0.00000000E+00 0.00000000E+00 0.43274546E+00-0.14679731E+01
 0.35352793E+00 0.12481885E+01-0.30000000E+02-0.28996816E-01-0.30000000E+02-0.30000000E+02 0.21411851E+00 0.10000000E+01
 0.00000000E+00 0.00000000E+00 0.00000000E+00 0.00000000E+00 0.00000000E+00 0.18726863E+00-0.10702116E+01 0.12650315E+00
 0.72790140E+00 0.12346086E+00 0.11311196E+01 0.00000000E+00 0.00000000E+00 0.00000000E+00 0.00000000E+00 0.00000000E+00
 0.00000000E+00 0.00000000E+00 0.46638769E-11 0.00000000E+00 0.76787075E-11 0.00000000E+00 0.11386456E-10 0.00000000E+00
 0.16016871E-11 0.00000000E+00-0.49048211E-12 0.00000000E+00 0.22404098E-14 0.00000000E+00 0.12819695E-11 0.00000000E+00
-0.12161001E-12 0.00000000E+00-0.46022241E-13 0.00000000E+00-0.14551007E-12 0.00000000E+00 0.76710949E-13
 0.24655235E+01 0.22634344E+01 0.00000000E+00 0.00000000E+00 0.00000000E+00 0.00000000E+00 0.48210832E+00 0.18392438E+00
 0.38834378E+00-0.21366441E+00-0.30000000E+02 0.91953769E-01-0.30000000E+02-0.30000000E+02-0.67900574E+00 0.10000000E+01
 0.00000000E+00 0.00000000E+00 0.00000000E+00 0.00000000E+00 0.00000000E+00 0.23242845E+00 0.13895036E+00 0.14820240E+00
 0.11724219E+00 0.15341938E+00-0.39597332E+00 0.00000000E+00 0.00000000E+00 0.00000000E+00 0.00000000E+00 0.00000000E+00
 0.00000000E+00 0.00000000E+00-0.14789937E-10 0.00000000E+00-0.24350470E-10 0.00000000E+00-0.36108363E-10 0.00000000E+00
-0.50792187E-11 0.00000000E+00 0.15554012E-11 0.00000000E+00-0.71047154E-14 0.00000000E+00-0.40653405E-11 0.00000000E+00
 0.38564575E-12 0.00000000E+00 0.14594425E-12 0.00000000E+00 0.46143688E-12 0.00000000E+00-0.24326331E-12
 0.41252904E+01-0.14135133E+01 0.00000000E+00 0.00000000E+00 0.00000000E+00 0.00000000E+00 0.51633674E+00-0.44791201E+00
 0.45327431E+00 0.19780169E+00-0.30000000E+02-0.29160029E+00-0.30000000E+02-0.30000000E+02 0.21532371E+01 0.10000000E+01
 0.00000000E+00 0.00000000E+00 0.00000000E+00 0.00000000E+00 0.00000000E+00 0.26660365E+00-0.43428883E+00 0.21814032E+00
-0.13940081E-01 0.19277491E+00 0.47027883E+00 0.00000000E+00 0.00000000E+00 0.00000000E+00 0.00000000E+00 0.00000000E+00
 0.00000000E+00 0.00000000E+00 0.46901281E-10 0.00000000E+00 0.77219280E-10 0.00000000E+00 0.11450546E-09 0.00000000E+00
 0.16107025E-10 0.00000000E+00-0.49324290E-11 0.00000000E+00 0.22530202E-13 0.00000000E+00 0.12891853E-10 0.00000000E+00
-0.12229451E-11 0.00000000E+00-0.46281284E-12 0.00000000E+00-0.14632911E-11 0.00000000E+00 0.77142736E-12
 0.59820385E+01-0.26736310E+01 0.00000000E+00 0.00000000E+00 0.00000000E+00 0.00000000E+00 0.45366848E+00 0.14834087E+00
 0.58613819E+00-0.83939597E-01-0.30000000E+02 0.92471182E+00-0.30000000E+02-0.30000000E+02-0.68282642E+01 0.10000000E+01
 0.00000000E+00 0.00000000E+00 0.00000000E+00 0.00000000E+00 0.00000000E+00 0.20581508E+00 0.15513737E+00 0.32945052E+00
 0.84639601E-01 0.35766542E+00-0.11699929E+00 0.00000000E+00 0.00000000E+00 0.00000000E+00 0.00000000E+00 0.00000000E+00
 0.00000000E+00 0.00000000E+00-0.14873157E-09 0.00000000E+00-0.24487487E-09 0.00000000E+00-0.36311540E-09 0.00000000E+00
-0.51077993E-10 0.00000000E+00 0.15641533E-10 0.00000000E+00-0.71446924E-13 0.00000000E+00-0.40882159E-10 0.00000000E+00
 0.38781573E-11 0.00000000E+00 0.14676546E-11 0.00000000E+00 0.46403333E-11 0.00000000E+00-0.24463214E-11
 0.67779541E+01-0.12884374E-01 0.00000000E+00 0.00000000E+00 0.00000000E+00 0.00000000E+00 0.40034720E+00 0.60366285E-02
 0.71867079E+00-0.16727178E+00-0.30000000E+02-0.29324112E+01-0.30000000E+02-0.30000000E+02 0.21653534E+02 0.10000000E+01
 0.00000000E+00 0.00000000E+00 0.00000000E+00 0.00000000E+00 0.00000000E+00 0.16027789E+00 0.78189373E-03 0.50040513E+00
-0.21910371E+00 0.53257018E+00-0.26444528E+00 0.00000000E+00 0.00000000E+00 0.00000000E+00 0.00000000E+00 0.00000000E+00
 0.00000000E+00 0.00000000E+00 0.47165194E-09 0.00000000E+00 0.77653795E-09 0.00000000E+00 0.11514978E-08 0.00000000E+00
 0.16197660E-09 0.00000000E+00-0.49601837E-10 0.00000000E+00 0.22656979E-12 0.00000000E+00 0.12964396E-09 0.00000000E+00
-0.12298266E-10 0.00000000E+00-0.46541707E-11 0.00000000E+00-0.14715250E-10 0.00000000E+00 0.77576816E-11
 0.71946592E+01 0.14069545E-01 0.00000000E+00 0.00000000E+00 0.00000000E+00 0.00000000E+00 0.37772393E+00 0.16638752E-01
 0.68903053E+00 0.54239340E-01-0.30000000E+02 0.92991514E+01-0.30000000E+02-0.94765539E+01-0.15445844E+02 0.10000000E+01
 0.00000000E+00 0.00000000E+00 0.00000000E+00 0.00000000E+00 0.00000000E+00 0.14267536E+00 0.13713238E-01 0.49977532E+00
 0.44683531E-01 0.44975084E+00 0.11071970E+00 0.00000000E+00 0.00000000E+00 0.00000000E+00 0.00000000E+00 0.00000000E+00
 0.00000000E+00 0.25059510E-09-0.84584606E-09 0.35083314E-09-0.15527536E-08 0.20047608E-09-0.31317153E-08 0.00000000E+00
-0.51365406E-09 0.00000000E+00 0.15729547E-09 0.00000000E+00-0.71848956E-12 0.00000000E+00-0.41112205E-09 0.00000000E+00
 0.38999796E-10 0.00000000E+00 0.14759130E-10 0.00000000E+00 0.46664443E-10 0.00000000E+00-0.24600868E-10
 0.77527647E+01-0.90508565E-01 0.00000000E+00 0.00000000E+00 0.00000000E+00 0.00000000E+00 0.38491112E+00-0.10816562E-01
 0.68903989E+00-0.14160026E-01-0.11681659E+02-0.65313311E+01-0.11681659E+02-0.72749395E+01 0.30743055E+01 0.10000000E+01
 0.00000000E+00 0.00000000E+00 0.00000000E+00 0.00000000E+00 0.00000000E+00 0.14815657E+00-0.84341262E-02 0.48467100E+00
-0.16969381E-01 0.46488088E+00-0.23276359E-01 0.00000000E+00 0.00000000E+00 0.00000000E+00 0.00000000E+00 0.00000000E+00
 0.00000000E+00 0.12967066E-07 0.18025242E-07 0.47152970E-08 0.95619663E-08 0.18271775E-07 0.32103987E-07 0.65490230E-09
 0.24496492E-08 0.19647071E-09-0.25257907E-09 0.00000000E+00 0.22784476E-11 0.98235353E-09 0.25348876E-08 0.26196095E-09
 0.20463264E-09 0.00000000E+00-0.46803610E-10 0.65490238E-10-0.65903727E-10 0.00000000E+00 0.78013367E-10
 0.80399208E+01-0.15249593E-01 0.00000000E+00 0.00000000E+00 0.00000000E+00 0.00000000E+00 0.36739013E+00 0.82308473E-02
 0.67849654E+00 0.39069285E-02-0.89584808E+01 0.13683475E+01-0.89584808E+01-0.58997741E+01-0.77049243E+00 0.10000000E+01
 0.00000000E+00 0.00000000E+00 0.00000000E+00 0.00000000E+00 0.00000000E+00 0.13497551E+00 0.63022999E-02 0.44120410E+00
 0.13301188E-01 0.47951105E+00-0.23765266E-02 0.00000000E+00 0.00000000E+00 0.00000000E+00 0.00000000E+00 0.00000000E+00
 0.00000000E+00 0.15162364E-06 0.12379856E-07 0.75604966E-07 0.77957054E-08 0.31638248E-06 0.58151873E-07 0.31028030E-07
 0.98781250E-08 0.10549531E-07 0.68466202E-08 0.00000000E+00-0.72253275E-11 0.35475381E-07 0.11727963E-07 0.74467272E-08
 0.34026519E-08 0.41370707E-09 0.39900261E-09 0.72398743E-09 0.53278820E-09 0.31028030E-09-0.59457494E-10
 0.81253395E+01 0.18712994E-01 0.00000000E+00 0.00000000E+00 0.00000000E+00 0.00000000E+00 0.40087757E+00-0.32057785E-02
 0.66453475E+00-0.30495180E-02-0.60140028E+01-0.38342506E+00-0.60140028E+01-0.50865746E+01 0.13403086E+00 0.10000000E+01
 0.00000000E+00 0.00000000E+00 0.00000000E+00 0.00000000E+00 0.00000000E+00 0.16070282E+00-0.24225563E-02 0.46063724E+00
-0.93077039E-02 0.42257553E+00 0.14118539E-02 0.00000000E+00 0.00000000E+00 0.00000000E+00 0.00000000E+00 0.00000000E+00
 0.00000000E+00 0.53544278E-06-0.53367855E-09 0.29616183E-06 0.16354691E-08 0.15254558E-05 0.89270280E-08 0.23737435E-06
 0.12420373E-07 0.14283771E-06 0.11327963E-07 0.00000000E+00 0.22912677E-10 0.26073045E-06 0.98897877E-08 0.85480181E-07
 0.81386986E-08 0.11439727E-07 0.17331887E-08 0.14935200E-07 0.21222029E-08 0.49254378E-08 0.13676842E-08
 0.86703072E+01 0.68727750E-02 0.00000000E+00 0.00000000E+00 0.00000000E+00 0.00000000E+00 0.41527131E+00 0.36835295E-03
 0.60010660E+00 0.13493490E-02-0.38743503E+01 0.52188531E-01-0.38743503E+01-0.47825155E+01-0.41247081E-01 0.10000000E+01
 0.00000000E+00 0.00000000E+00 0.00000000E+00 0.00000000E+00 0.00000000E+00 0.17245026E+00 0.25846213E-03 0.35871375E+00
 0.39356300E-02 0.36154214E+00-0.18267785E-03 0.00000000E+00 0.00000000E+00 0.00000000E+00 0.00000000E+00 0.00000000E+00
 0.00000000E+00 0.11143785E-05-0.30010521E-08 0.68394712E-06-0.98688480E-09 0.37500620E-05-0.20192148E-08 0.91437789E-06
 0.48090842E-08 0.70136588E-06 0.89301508E-08 0.62959232E-09 0.16410906E-10 0.93578410E-06 0.79789295E-08 0.46233063E-06
 0.74755704E-08 0.86883745E-07 0.22759559E-08 0.10996879E-06 0.29872549E-08 0.70094607E-07 0.36848811E-08
 0.10027522E+02 0.28881743E-02 0.00000000E+00 0.00000000E+00 0.00000000E+00 0.00000000E+00 0.41494980E+00-0.45785372E-03
 0.54570442E+00 0.16214186E-03-0.24135869E+01-0.20945994E-01-0.24135869E+01-0.48941078E+01 0.91317343E-02 0.10000000E+01
 0.00000000E+00 0.00000000E+00 0.00000000E+00 0.00000000E+00 0.00000000E+00 0.17218333E+00-0.36577095E-03 0.30371734E+00
-0.60861354E-03 0.29186934E+00 0.87681349E-03 0.00000000E+00 0.00000000E+00 0.00000000E+00 0.00000000E+00 0.00000000E+00
 0.00000000E+00 0.17851911E-05-0.52786825E-09 0.11985410E-05-0.74589407E-09 0.68464642E-05-0.64426118E-08 0.22884756E-05
 0.24278706E-08 0.21552464E-05 0.63225167E-08 0.36429817E-08 0.72545456E-10 0.24298363E-05 0.18335535E-08 0.15477792E-05
 0.61486909E-08 0.35515819E-06 0.20014623E-08 0.45986138E-06 0.29732679E-08 0.46412239E-06 0.70874484E-08
 0.12399560E+02-0.69943041E-03 0.00000000E+00 0.00000000E+00 0.00000000E+00 0.00000000E+00 0.37599868E+00 0.24393528E-04
 0.50753939E+00-0.16304744E-03-0.13196642E+01 0.14480377E-02-0.13196642E+01-0.50550408E+01-0.22990620E-02 0.10000000E+01
 0.00000000E+00 0.00000000E+00 0.00000000E+00 0.00000000E+00 0.00000000E+00 0.14137499E+00 0.55070854E-04 0.24936837E+00
 0.14560363E-03 0.26582405E+00-0.39466569E-03 0.00000000E+00 0.00000000E+00 0.00000000E+00 0.00000000E+00 0.00000000E+00
 0.00000000E+00 0.25833276E-05-0.16355544E-08 0.18257066E-05-0.52074439E-09 0.10508666E-04-0.29181650E-08 0.46425957E-05
 0.90128138E-09 0.51981351E-05 0.37995953E-08 0.18169388E-07 0.79415183E-10 0.49778841E-05 0.14190551E-08 0.40152236E-05
 0.38974801E-08 0.10603740E-05 0.21836475E-08 0.14197475E-05 0.29302503E-08 0.20994094E-05 0.87169010E-08
 0.15785447E+02-0.54445642E-04 0.00000000E+00 0.00000000E+00 0.00000000E+00 0.00000000E+00 0.31899959E+00 0.22010478E-03
 0.43349460E+00 0.13430577E-03-0.44893837E+00-0.15721126E-02-0.44893837E+00-0.53354936E+01 0.66451734E-03 0.10000000E+01
 0.00000000E+00 0.00000000E+00 0.00000000E+00 0.00000000E+00 0.00000000E+00 0.10176073E+00 0.14266124E-03 0.18082260E+00
 0.83283179E-04 0.19501254E+00 0.19596542E-03 0.00000000E+00 0.00000000E+00 0.00000000E+00 0.00000000E+00 0.00000000E+00
 0.00000000E+00 0.33623312E-05 0.17956702E-10 0.25737370E-05-0.17718016E-09 0.14798811E-04-0.12421850E-08 0.83510186E-05
 0.40105599E-09 0.10766572E-04 0.17491990E-08 0.61560122E-07 0.39569507E-10 0.90433932E-05 0.30652755E-09 0.88326169E-05
 0.27631462E-08 0.26997789E-05 0.11862916E-08 0.37075113E-05 0.24834468E-08 0.71122595E-05 0.80087554E-08
 0.20540934E+02-0.21635590E-03 0.00000000E+00 0.00000000E+00 0.00000000E+00 0.00000000E+00 0.32308620E+00-0.98836885E-04
 0.37304899E+00 0.13534762E-04 0.22692147E+00-0.12720616E-03 0.22692147E+00-0.56619563E+01-0.60725597E-04 0.10000000E+01
 0.00000000E+00 0.00000000E+00 0.00000000E+00 0.00000000E+00 0.00000000E+00 0.10438469E+00-0.61900457E-04 0.13511893E+00
 0.24679013E-04 0.14321220E+00-0.36667702E-05 0.00000000E+00 0.00000000E+00 0.00000000E+00 0.00000000E+00 0.00000000E+00
 0.00000000E+00 0.43122427E-05-0.24094748E-09 0.34979673E-05-0.20870516E-09 0.20015086E-04-0.11298675E-08 0.13967528E-04
 0.19119277E-09 0.20099220E-04 0.16371573E-08 0.16086210E-06 0.95333491E-10 0.15167872E-04 0.10788104E-09 0.17573258E-04
 0.19005029E-08 0.59388008E-05 0.12583034E-08 0.87839235E-05 0.33245293E-08 0.19991172E-04 0.10535500E-07
 0.27174662E+02 0.00000000E+00 0.00000000E+00 0.00000000E+00 0.00000000E+00 0.00000000E+00 0.28015178E+00 0.00000000E+00
 0.32343361E+00 0.00000000E+00 0.79049659E+00 0.00000000E+00 0.79049659E+00-0.60629039E+01 0.00000000E+00 0.10000000E+01
 0.00000000E+00 0.00000000E+00 0.00000000E+00 0.00000000E+00 0.00000000E+00 0.78485020E-01 0.00000000E+00 0.10732910E+00
 0.00000000E+00 0.10188949E+00 0.00000000E+00 0.00000000E+00 0.00000000E+00 0.00000000E+00 0.00000000E+00 0.00000000E+00
 0.00000000E+00 0.54629886E-05 0.00000000E+00 0.46047098E-05 0.00000000E+00 0.26259975E-04 0.00000000E+00 0.22295109E-04
 0.00000000E+00 0.35337784E-04 0.00000000E+00 0.39772709E-06 0.00000000E+00 0.24132803E-04 0.00000000E+00 0.32388580E-04
 0.00000000E+00 0.11962742E-04 0.00000000E+00 0.19570622E-04 0.00000000E+00 0.49585247E-04 0.00000000E+00
 H Extr:     1    1    1    1    1    1    1    1    1    1    1    1    1
 L Extr:     0    0    0    0    0    0    0    0    0    0    0    0    0
 Thresholds:         13        12         1
 Interp:     2    2    2    2    2    2    2    2    2    2    2    2    2
 A     = 0.00000000E+00, Z     = 0.00000000E+00, EMPROB= 0.00000000E+00, EPAIR = 0.00000000E+00
 Ion diffusion:  0.00000000E+00 0.00000000E+00
 CMEAN = 0.00000000E+00, RHO   = 0.00000000E+00, PGAS  = 0.76000000E+03, TGAS  = 0.29300000E+03
 CLSTYP    : NOT SET   
 FCNCLS    :                                                                                 
 NCLS      :          0
 Average   :  0.000000000000000000D+00
  Heed initialisation done: T
  Gas components:     2
           3 0.69999999E+00
          11 0.30000001E+00
  SRIM initialisation done: F
