*----.----1----.----2----.----3----.----4----.----5----.----6----.----7----.----8----.----9----.---10----.---11----.---12----.---13--
% Created 20/04/18 at 09.35.28 GASDATA  GAS      "magboltz-ar90-co210          "
 Version   : 12
 GASOK bits: TTTTFTFTFFTFFFTTFFFF
 Identifier: CO2 10%, Ar 90%, T=293 K, p=1 atm                                               
 Clusters  :                                                                                 
 Dimension : F        20         1         1         9         2
 E fields   
 0.13157895E+00 0.18926972E+00 0.27225500E+00 0.39162517E+00 0.56333321E+00
 0.81032670E+00 0.11656141E+01 0.16766776E+01 0.24118168E+01 0.34692779E+01
 0.49903827E+01 0.71784143E+01 0.10325788E+02 0.14853131E+02 0.21365482E+02
 0.30733185E+02 0.44208138E+02 0.63591183E+02 0.91472748E+02 0.13157895E+03
 E-B angles 
 0.15707964E+01
 B fields   
 0.00000000E+00
 Mixture:   
 0.00000000E+00 0.00000000E+00 0.00000000E+00 0.00000000E+00 0.00000000E+00
 0.00000000E+00 0.00000000E+00 0.00000000E+00 0.00000000E+00 0.00000000E+00
 0.00000000E+00 0.10000000E+02 0.00000000E+00 0.00000000E+00 0.00000000E+00
 0.00000000E+00 0.00000000E+00 0.00000000E+00 0.00000000E+00 0.00000000E+00
 0.00000000E+00 0.00000000E+00 0.00000000E+00 0.00000000E+00 0.00000000E+00
 0.00000000E+00 0.00000000E+00 0.00000000E+00 0.00000000E+00 0.00000000E+00
 0.00000000E+00 0.00000000E+00 0.00000000E+00 0.00000000E+00 0.00000000E+00
 0.00000000E+00 0.00000000E+00 0.00000000E+00 0.00000000E+00 0.00000000E+00
 0.00000000E+00 0.00000000E+00 0.00000000E+00 0.00000000E+00 0.00000000E+00
 0.00000000E+00 0.90000000E+02 0.00000000E+00 0.00000000E+00 0.00000000E+00
 0.00000000E+00 0.00000000E+00 0.00000000E+00 0.00000000E+00 0.00000000E+00
 0.00000000E+00 0.00000000E+00 0.00000000E+00 0.00000000E+00 0.00000000E+00
 Excitation     1: CO2-1                                           0.79000001E+01 0.00000000E+00 0.00000000E+00 0.00000000E+00
 Excitation     2: CO2-2                                           0.88999996E+01 0.00000000E+00 0.00000000E+00 0.00000000E+00
 Excitation     3: CO2-3                                           0.10500000E+02 0.00000000E+00 0.00000000E+00 0.00000000E+00
 Excitation     4: CO2-4                                           0.12200000E+02 0.00000000E+00 0.00000000E+00 0.00000000E+00
 Excitation     5: CO2-5                                           0.13200000E+02 0.00000000E+00 0.00000000E+00 0.00000000E+00
 Excitation     6: CO2-6                                           0.15000000E+02 0.00000000E+00 0.00000000E+00 0.00000000E+00
 Excitation     7: ARGON-S                                         0.11550000E+02 0.00000000E+00 0.00000000E+00 0.00000000E+00
 Excitation     8: ARGON-P                                         0.13000000E+02 0.00000000E+00 0.00000000E+00 0.00000000E+00
 Excitation     9: ARGON-D                                         0.14000000E+02 0.00000000E+00 0.00000000E+00 0.00000000E+00
 Ionisation     1: CO2-IONISATION                                  0.13773000E+02
 Ionisation     2: ARGON-IONISATION                                0.15700000E+02
 The gas tables follow:
 0.62907726E+00 0.00000000E+00 0.00000000E+00 0.00000000E+00 0.00000000E+00 0.00000000E+00 0.75771099E+00 0.00000000E+00
 0.72349250E+00 0.00000000E+00-0.30000000E+02 0.00000000E+00-0.30000000E+02-0.30000000E+02 0.00000000E+00 0.10000000E+01
 0.00000000E+00 0.00000000E+00 0.00000000E+00 0.00000000E+00 0.00000000E+00 0.57412595E+00 0.00000000E+00 0.50796664E+00
 0.00000000E+00 0.53891617E+00 0.00000000E+00 0.00000000E+00 0.00000000E+00 0.00000000E+00 0.00000000E+00 0.00000000E+00
 0.00000000E+00 0.00000000E+00 0.00000000E+00 0.00000000E+00 0.00000000E+00 0.00000000E+00 0.00000000E+00 0.00000000E+00
 0.00000000E+00 0.00000000E+00 0.00000000E+00 0.00000000E+00 0.00000000E+00 0.00000000E+00 0.00000000E+00 0.00000000E+00
 0.00000000E+00 0.00000000E+00 0.00000000E+00 0.00000000E+00 0.00000000E+00 0.00000000E+00 0.00000000E+00
 0.92789251E+00 0.96745777E+01 0.00000000E+00 0.00000000E+00 0.00000000E+00 0.00000000E+00 0.68906593E+00 0.20555355E+02
 0.63085318E+00 0.24521057E+02-0.30000000E+02-0.30491251E-03-0.30000000E+02-0.30000000E+02 0.83532572E-01 0.10000000E+01
 0.00000000E+00 0.00000000E+00 0.00000000E+00 0.00000000E+00 0.00000000E+00 0.47481185E+00 0.29995211E+02 0.38030985E+00
 0.45198944E+02 0.41564170E+00 0.24377602E+02 0.00000000E+00 0.00000000E+00 0.00000000E+00 0.00000000E+00 0.00000000E+00
 0.00000000E+00 0.00000000E+00 0.12008427E-12 0.00000000E+00 0.26658276E-12 0.00000000E+00 0.24715166E-12 0.00000000E+00
-0.76170630E-13 0.00000000E+00-0.18655613E-13 0.00000000E+00 0.19757535E-16 0.00000000E+00-0.10074726E-12 0.00000000E+00
-0.42616650E-14 0.00000000E+00-0.94879853E-14 0.00000000E+00-0.13219534E-14 0.00000000E+00 0.14861644E-14
 0.14099594E+01 0.12710851E+02 0.00000000E+00 0.00000000E+00 0.00000000E+00 0.00000000E+00 0.68095428E+00 0.92726746E+01
 0.59407580E+00 0.92328513E+00-0.30000000E+02 0.10337710E-02-0.30000000E+02-0.30000000E+02-0.28320763E+00 0.10000000E+01
 0.00000000E+00 0.00000000E+00 0.00000000E+00 0.00000000E+00 0.00000000E+00 0.46369869E+00 0.13089315E+02 0.35996929E+00
-0.10975704E+02 0.34588280E+00 0.11068135E+02 0.00000000E+00 0.00000000E+00 0.00000000E+00 0.00000000E+00 0.00000000E+00
 0.00000000E+00 0.00000000E+00-0.40713196E-12 0.00000000E+00-0.90381831E-12 0.00000000E+00-0.83793947E-12 0.00000000E+00
 0.25824780E-12 0.00000000E+00 0.63249719E-13 0.00000000E+00-0.66985662E-16 0.00000000E+00 0.34157207E-12 0.00000000E+00
 0.14448688E-13 0.00000000E+00 0.32167929E-13 0.00000000E+00 0.44819317E-14 0.00000000E+00-0.50386704E-14
 0.22353787E+01 0.57574272E+01 0.00000000E+00 0.00000000E+00 0.00000000E+00 0.00000000E+00 0.74991584E+00-0.11776677E+02
 0.59768969E+00 0.36204593E+01-0.30000000E+02-0.32929091E-02-0.30000000E+02-0.30000000E+02 0.90211177E+00 0.10000000E+01
 0.00000000E+00 0.00000000E+00 0.00000000E+00 0.00000000E+00 0.00000000E+00 0.56237376E+00-0.16949461E+02 0.33319116E+00
 0.68344684E+01 0.38127476E+00 0.26829503E+01 0.00000000E+00 0.00000000E+00 0.00000000E+00 0.00000000E+00 0.00000000E+00
 0.00000000E+00 0.00000000E+00 0.12968526E-11 0.00000000E+00 0.28789662E-11 0.00000000E+00 0.26691199E-11 0.00000000E+00
-0.82260636E-12 0.00000000E+00-0.20147168E-12 0.00000000E+00 0.21337193E-15 0.00000000E+00-0.10880223E-11 0.00000000E+00
-0.46023942E-13 0.00000000E+00-0.10246570E-12 0.00000000E+00-0.14276464E-13 0.00000000E+00 0.16049865E-13
 0.34990165E+01-0.12826458E+02 0.00000000E+00 0.00000000E+00 0.00000000E+00 0.00000000E+00 0.69517982E+00 0.21552484E+01
 0.66341972E+00-0.59826648E+00-0.30000000E+02 0.10445560E-01-0.30000000E+02-0.30000000E+02-0.28616226E+01 0.10000000E+01
 0.00000000E+00 0.00000000E+00 0.00000000E+00 0.00000000E+00 0.00000000E+00 0.48327500E+00 0.33838112E+01 0.38737357E+00
 0.33237281E+01 0.49287793E+00-0.44394140E+01 0.00000000E+00 0.00000000E+00 0.00000000E+00 0.00000000E+00 0.00000000E+00
 0.00000000E+00 0.00000000E+00-0.41137948E-11 0.00000000E+00-0.91324760E-11 0.00000000E+00-0.84668149E-11 0.00000000E+00
 0.26094205E-11 0.00000000E+00 0.63909587E-12 0.00000000E+00-0.67684508E-15 0.00000000E+00 0.34513562E-11 0.00000000E+00
 0.14599427E-12 0.00000000E+00 0.32503530E-12 0.00000000E+00 0.45286908E-13 0.00000000E+00-0.50912376E-13
 0.47401342E+01-0.17221561E+02 0.00000000E+00 0.00000000E+00 0.00000000E+00 0.00000000E+00 0.60158008E+00-0.58202636E+00
 0.77423847E+00 0.11115502E+01-0.30000000E+02-0.33125266E-01-0.30000000E+02-0.30000000E+02 0.90748615E+01 0.10000000E+01
 0.00000000E+00 0.00000000E+00 0.00000000E+00 0.00000000E+00 0.00000000E+00 0.36189863E+00-0.43643260E+00 0.62511402E+00
-0.30327445E+00 0.57377630E+00 0.53537273E+01 0.00000000E+00 0.00000000E+00 0.00000000E+00 0.00000000E+00 0.00000000E+00
 0.00000000E+00 0.00000000E+00 0.13045787E-10 0.00000000E+00 0.28961177E-10 0.00000000E+00 0.26850211E-10 0.00000000E+00
-0.82750707E-11 0.00000000E+00-0.20267195E-11 0.00000000E+00 0.21464310E-14 0.00000000E+00-0.10945042E-10 0.00000000E+00
-0.46298132E-12 0.00000000E+00-0.10307615E-11 0.00000000E+00-0.14361517E-12 0.00000000E+00 0.16145482E-12
 0.50652418E+01-0.21013637E+01 0.00000000E+00 0.00000000E+00 0.00000000E+00 0.00000000E+00 0.48146245E+00 0.11651899E+01
 0.96431828E+00-0.18947195E+01-0.30000000E+02 0.10504578E+00-0.30000000E+02-0.30000000E+02-0.28777910E+02 0.10000000E+01
 0.00000000E+00 0.00000000E+00 0.00000000E+00 0.00000000E+00 0.00000000E+00 0.23180608E+00 0.12425259E+01 0.94712341E+00
-0.22315490E+01 0.91269612E+00-0.44864964E+01 0.00000000E+00 0.00000000E+00 0.00000000E+00 0.00000000E+00 0.00000000E+00
 0.00000000E+00 0.00000000E+00-0.41370379E-10 0.00000000E+00-0.91840757E-10 0.00000000E+00-0.85146529E-10 0.00000000E+00
 0.26241637E-10 0.00000000E+00 0.64270681E-11 0.00000000E+00-0.68066932E-14 0.00000000E+00 0.34708566E-10 0.00000000E+00
 0.14681915E-11 0.00000000E+00 0.32687180E-11 0.00000000E+00 0.45542780E-12 0.00000000E+00-0.51200033E-12
 0.47652726E+01 0.14628427E+01 0.00000000E+00 0.00000000E+00 0.00000000E+00 0.00000000E+00 0.46801889E+00 0.11455385E+00
 0.10136676E+01 0.50369215E+00-0.30000000E+02-0.33311719E+00-0.30000000E+02-0.30000000E+02 0.91259415E+02 0.10000000E+01
 0.00000000E+00 0.00000000E+00 0.00000000E+00 0.00000000E+00 0.00000000E+00 0.21904168E+00 0.96355036E-01 0.10938822E+01
 0.50743282E+00 0.96116185E+00 0.14030704E+01 0.00000000E+00 0.00000000E+00 0.00000000E+00 0.00000000E+00 0.00000000E+00
 0.00000000E+00 0.00000000E+00 0.13119217E-09 0.00000000E+00 0.29124192E-09 0.00000000E+00 0.27001343E-09 0.00000000E+00
-0.83216482E-10 0.00000000E+00-0.20381273E-10 0.00000000E+00 0.21585127E-13 0.00000000E+00-0.11006648E-09 0.00000000E+00
-0.46558729E-11 0.00000000E+00-0.10365634E-10 0.00000000E+00-0.14442354E-11 0.00000000E+00 0.16236360E-11
 0.46755190E+01 0.29531187E+00 0.00000000E+00 0.00000000E+00 0.00000000E+00 0.00000000E+00 0.53731519E+00-0.21437207E+00
 0.10937539E+01-0.28948653E+00-0.30000000E+02 0.10563686E+01-0.30000000E+02-0.99329967E+01-0.66608971E+02 0.10000000E+01
 0.00000000E+00 0.00000000E+00 0.00000000E+00 0.00000000E+00 0.00000000E+00 0.28870758E+00-0.21317706E+00 0.12544978E+01
-0.72958595E+00 0.11380975E+01-0.44758204E+00 0.00000000E+00 0.00000000E+00 0.00000000E+00 0.00000000E+00 0.00000000E+00
 0.00000000E+00 0.00000000E+00-0.41603165E-09 0.00000000E+00-0.92357533E-09 0.00000000E+00-0.85625640E-09 0.00000000E+00
 0.26389296E-09 0.00000000E+00 0.64632320E-10 0.00000000E+00-0.68449939E-13 0.00000000E+00 0.34903866E-09 0.00000000E+00
 0.14764528E-10 0.00000000E+00 0.32871105E-10 0.00000000E+00 0.45799046E-11 0.00000000E+00-0.51488132E-11
 0.49006724E+01-0.11734542E+00 0.00000000E+00 0.00000000E+00 0.00000000E+00 0.00000000E+00 0.52102202E+00 0.24899257E-01
 0.10870539E+01-0.22766516E-01-0.30000000E+02-0.33499160E+01-0.30000000E+02-0.86018515E+01 0.14648085E+02 0.10000000E+01
 0.00000000E+00 0.00000000E+00 0.00000000E+00 0.00000000E+00 0.00000000E+00 0.27146396E+00 0.25546821E-01 0.11263458E+01
 0.19352865E+00 0.12370266E+01-0.29273880E+00 0.00000000E+00 0.00000000E+00 0.00000000E+00 0.00000000E+00 0.00000000E+00
 0.00000000E+00 0.11507327E-08 0.74937354E-08 0.20012743E-09 0.40026213E-08 0.60038230E-09 0.59367711E-08 0.00000000E+00
-0.83684737E-09 0.00000000E+00-0.20495958E-09 0.00000000E+00 0.21706587E-12 0.15009557E-09-0.30149749E-09 0.00000000E+00
-0.46820714E-10 0.00000000E+00-0.10423960E-09 0.00000000E+00-0.14523620E-10 0.00000000E+00 0.16327722E-10
 0.50895267E+01-0.15757810E+00 0.00000000E+00 0.00000000E+00 0.00000000E+00 0.00000000E+00 0.48454368E+00 0.30793028E-01
 0.98774976E+00 0.45914710E-01-0.30000000E+02 0.10623127E+02-0.30000000E+02-0.68447633E+01-0.37655172E+01 0.10000000E+01
 0.00000000E+00 0.00000000E+00 0.00000000E+00 0.00000000E+00 0.00000000E+00 0.23478258E+00 0.30785598E-01 0.10094135E+01
 0.25867332E-01 0.94188577E+00 0.16927804E+00 0.00000000E+00 0.00000000E+00 0.00000000E+00 0.00000000E+00 0.00000000E+00
 0.00000000E+00 0.19335598E-07 0.17746816E-07 0.88992289E-08 0.88834806E-08 0.29933769E-07 0.54294603E-07 0.13753353E-08
 0.62202732E-08 0.80902091E-10 0.85975393E-09 0.00000000E+00-0.68835107E-12 0.78475022E-08 0.20180435E-07 0.40451040E-09
 0.11974453E-08 0.00000000E+00 0.33056069E-09 0.00000000E+00 0.46056756E-10 0.00000000E+00-0.51777853E-10
 0.49267354E+01 0.71348049E-01 0.00000000E+00 0.00000000E+00 0.00000000E+00 0.00000000E+00 0.51822078E+00-0.13741832E-01
 0.94640809E+00-0.12631900E-01-0.90913324E+01-0.74834976E+01-0.90913324E+01-0.58526540E+01 0.65907460E+00 0.10000000E+01
 0.00000000E+00 0.00000000E+00 0.00000000E+00 0.00000000E+00 0.00000000E+00 0.26855278E+00-0.13684105E-01 0.97965616E+00
-0.48732881E-01 0.81172037E+00-0.14714072E-02 0.00000000E+00 0.00000000E+00 0.00000000E+00 0.00000000E+00 0.00000000E+00
 0.00000000E+00 0.10058237E-06 0.36628554E-08 0.50776755E-07 0.39003267E-08 0.23695820E-06 0.18369121E-07 0.23862301E-07
 0.51954387E-08 0.56881060E-08 0.41090722E-08 0.00000000E+00 0.21828735E-11 0.97114004E-07 0.29788408E-07 0.13457227E-07
 0.11602067E-07 0.11098744E-08 0.34270853E-09 0.55493721E-09 0.54943172E-09 0.00000000E+00 0.16419602E-09
 0.49525576E+01 0.25124200E-01 0.00000000E+00 0.00000000E+00 0.00000000E+00 0.00000000E+00 0.53238469E+00 0.44204262E-02
 0.87663752E+00 0.46671350E-02-0.62991838E+01 0.14610586E+01-0.62991838E+01-0.54004374E+01-0.20723887E+00 0.10000000E+01
 0.00000000E+00 0.00000000E+00 0.00000000E+00 0.00000000E+00 0.00000000E+00 0.28343344E+00 0.45828880E-02 0.74848551E+00
 0.33147763E-01 0.78850120E+00-0.13347679E-01 0.00000000E+00 0.00000000E+00 0.00000000E+00 0.00000000E+00 0.00000000E+00
 0.00000000E+00 0.25326830E-06-0.30620124E-08 0.14186980E-06-0.71099238E-09 0.70657899E-06 0.40510599E-08 0.10170305E-06
 0.56169438E-08 0.47092069E-07 0.56638356E-08 0.00000000E+00-0.69222466E-11 0.44480242E-06 0.17795401E-07 0.11990670E-06
 0.12935736E-07 0.12069817E-07 0.42796842E-08 0.61338410E-08 0.10008200E-08 0.29679879E-08 0.12770064E-08
 0.54675112E+01 0.50870040E-02 0.00000000E+00 0.00000000E+00 0.00000000E+00 0.00000000E+00 0.55443490E+00-0.49430886E-02
 0.80181539E+00 0.43433328E-03-0.43935032E+01-0.36893976E+00-0.43935032E+01-0.54224005E+01 0.47589548E-01 0.10000000E+01
 0.00000000E+00 0.00000000E+00 0.00000000E+00 0.00000000E+00 0.00000000E+00 0.30739808E+00-0.52754204E-02 0.65658206E+00
-0.80674384E-02 0.62923378E+00 0.94316406E-02 0.00000000E+00 0.00000000E+00 0.00000000E+00 0.00000000E+00 0.00000000E+00
 0.00000000E+00 0.43416600E-06-0.35034022E-08 0.26757309E-06-0.18610786E-08 0.14359186E-05-0.10752168E-07 0.29781836E-06
 0.19762225E-08 0.19708210E-06 0.44129367E-08 0.00000000E+00 0.21951559E-10 0.12446905E-05 0.67048038E-08 0.49490046E-06
 0.13025191E-07 0.87564942E-07 0.27365610E-08 0.29025703E-07 0.57682753E-09 0.38538332E-07 0.47190003E-08
 0.64869151E+01 0.47113351E-02 0.00000000E+00 0.00000000E+00 0.00000000E+00 0.00000000E+00 0.50107402E+00 0.16494966E-02
 0.72837627E+00 0.11967462E-03-0.28836486E+01 0.60923845E-01-0.28836486E+01-0.54462204E+01-0.16176209E-01 0.10000000E+01
 0.00000000E+00 0.00000000E+00 0.00000000E+00 0.00000000E+00 0.00000000E+00 0.25107515E+00 0.18546409E-02 0.51750904E+00
 0.33350489E-02 0.54355490E+00-0.24076633E-02 0.00000000E+00 0.00000000E+00 0.00000000E+00 0.00000000E+00 0.00000000E+00
 0.00000000E+00 0.59892670E-06 0.50273063E-09 0.39895917E-06-0.18921840E-09 0.22480822E-05 0.11497991E-09 0.66200431E-06
 0.10077261E-08 0.56406105E-06 0.24954740E-08 0.53230048E-09 0.56945334E-11 0.26735677E-05 0.42660973E-08 0.14671974E-05
 0.80889393E-08 0.30518558E-06 0.31709289E-08 0.93596164E-07 0.18250345E-08 0.26845686E-06 0.84017593E-08
 0.82169027E+01-0.14848799E-02 0.00000000E+00 0.00000000E+00 0.00000000E+00 0.00000000E+00 0.45516053E+00-0.47162557E-04
 0.63692296E+00 0.26220578E-03-0.17400573E+01-0.20376679E-01-0.17400573E+01-0.57386808E+01 0.41059926E-02 0.10000000E+01
 0.00000000E+00 0.00000000E+00 0.00000000E+00 0.00000000E+00 0.00000000E+00 0.20717111E+00-0.82931139E-04 0.39767218E+00
-0.21427230E-03 0.41366956E+00 0.11520761E-02 0.00000000E+00 0.00000000E+00 0.00000000E+00 0.00000000E+00 0.00000000E+00
 0.00000000E+00 0.80886048E-06-0.11195356E-08 0.55833925E-06-0.89364946E-10 0.32706937E-05-0.28733023E-08 0.12546378E-05
-0.88443114E-10 0.12689621E-05 0.57492172E-09 0.23365727E-08 0.36443962E-10 0.50411045E-05 0.22189128E-08 0.35001856E-05
 0.68952866E-08 0.84573770E-06 0.29028238E-08 0.29176681E-06 0.61037075E-09 0.12274118E-05 0.11188079E-07
 0.10664670E+02 0.41313423E-03 0.00000000E+00 0.00000000E+00 0.00000000E+00 0.00000000E+00 0.41832536E+00-0.21629234E-04
 0.53911287E+00 0.14276360E-03-0.84634203E+00 0.19053847E-02-0.84634203E+00-0.60785623E+01-0.50691478E-05 0.10000000E+01
 0.00000000E+00 0.00000000E+00 0.00000000E+00 0.00000000E+00 0.00000000E+00 0.17499612E+00 0.15503161E-04 0.28715104E+00
 0.45201456E-03 0.29413435E+00-0.83719424E-05 0.00000000E+00 0.00000000E+00 0.00000000E+00 0.00000000E+00 0.00000000E+00
 0.00000000E+00 0.10104767E-05 0.12975102E-09 0.76154873E-06-0.42629494E-09 0.44127087E-05-0.12085350E-08 0.21186079E-05
-0.20779059E-10 0.24352723E-05 0.13501458E-08 0.98431467E-08 0.34770010E-10 0.87552198E-05-0.29336106E-09 0.74195309E-05
 0.38779584E-08 0.20550160E-05 0.22198554E-08 0.71103790E-06 0.10968285E-08 0.42591037E-05 0.10825864E-07
 0.14190888E+02-0.28492237E-03 0.00000000E+00 0.00000000E+00 0.00000000E+00 0.00000000E+00 0.36612180E+00 0.11860672E-03
 0.44836533E+00 0.13135679E-03-0.12986419E+00-0.13826354E-02-0.12986419E+00-0.63876872E+01 0.33791664E-04 0.10000000E+01
 0.00000000E+00 0.00000000E+00 0.00000000E+00 0.00000000E+00 0.00000000E+00 0.13404517E+00 0.90230489E-04 0.21479627E+00
-0.14448597E-06 0.18726665E+00 0.26676583E-03 0.00000000E+00 0.00000000E+00 0.00000000E+00 0.00000000E+00 0.00000000E+00
 0.00000000E+00 0.12694290E-05-0.15768330E-09 0.96304450E-06 0.57172087E-10 0.56625031E-05-0.18033758E-09 0.33656845E-05
 0.20058849E-09 0.44439253E-05 0.30848596E-09 0.29260644E-07-0.55625235E-11 0.14145959E-04 0.22131517E-09 0.14333030E-04
 0.24319722E-08 0.44611120E-05 0.11016239E-08 0.16117502E-05 0.60988947E-09 0.12116322E-04 0.11354190E-07
 0.19162239E+02-0.10030701E-03 0.00000000E+00 0.00000000E+00 0.00000000E+00 0.00000000E+00 0.33721691E+00-0.30601557E-04
 0.39027762E+00 0.14572706E-04 0.45276409E+00-0.94628216E-04 0.45276409E+00-0.67982240E+01 0.15233671E-03 0.10000000E+01
 0.00000000E+00 0.00000000E+00 0.00000000E+00 0.00000000E+00 0.00000000E+00 0.11371525E+00-0.18955581E-04 0.15771864E+00
 0.49018116E-04 0.14691462E+00-0.23589335E-04 0.00000000E+00 0.00000000E+00 0.00000000E+00 0.00000000E+00 0.00000000E+00
 0.00000000E+00 0.15711879E-05-0.10151567E-09 0.12340979E-05-0.42491583E-10 0.72322173E-05-0.30859409E-09 0.52466253E-05
 0.64897089E-11 0.76516681E-05 0.47293391E-09 0.63479057E-07 0.43213932E-10 0.21959358E-04-0.90374548E-10 0.25967327E-04
 0.20991873E-08 0.88286342E-05 0.17181814E-08 0.34382858E-05 0.12673723E-08 0.31017978E-04 0.12632941E-07
 0.26169001E+02 0.00000000E+00 0.00000000E+00 0.00000000E+00 0.00000000E+00 0.00000000E+00 0.28992945E+00 0.00000000E+00
 0.34444776E+00 0.00000000E+00 0.94715381E+00 0.00000000E+00 0.94715381E+00-0.72440019E+01 0.00000000E+00 0.10000000E+01
 0.00000000E+00 0.00000000E+00 0.00000000E+00 0.00000000E+00 0.00000000E+00 0.84059082E-01 0.00000000E+00 0.12014154E+00
 0.00000000E+00 0.11714701E+00 0.00000000E+00 0.00000000E+00 0.00000000E+00 0.00000000E+00 0.00000000E+00 0.00000000E+00
 0.00000000E+00 0.18835964E-05 0.00000000E+00 0.15960285E-05 0.00000000E+00 0.91760767E-05 0.00000000E+00 0.79955444E-05
 0.00000000E+00 0.12753188E-04 0.00000000E+00 0.15094139E-06 0.00000000E+00 0.33157638E-04 0.00000000E+00 0.45063887E-04
 0.00000000E+00 0.16878073E-04 0.00000000E+00 0.73312572E-05 0.00000000E+00 0.71805342E-04 0.00000000E+00
 H Extr:     1    1    1    1    1    1    1    1    1    1    1    1    1
 L Extr:     0    0    0    0    0    0    0    0    0    0    0    0    0
 Thresholds:         13        10         1
 Interp:     2    2    2    2    2    2    2    2    2    2    2    2    2
 A     = 0.00000000E+00, Z     = 0.00000000E+00, EMPROB= 0.00000000E+00, EPAIR = 0.00000000E+00
 Ion diffusion:  0.00000000E+00 0.00000000E+00
 CMEAN = 0.00000000E+00, RHO   = 0.00000000E+00, PGAS  = 0.76000000E+03, TGAS  = 0.29300000E+03
 CLSTYP    : NOT SET   
 FCNCLS    :                                                                                 
 NCLS      :          0
 Average   :  0.000000000000000000D+00
  Heed initialisation done: T
  Gas components:     2
           3 0.89999998E+00
          11 0.10000000E+00
  SRIM initialisation done: F
