2.5e-10	2.96668e-06
7.5e-10	1.29131e-06
1.25e-09	-7.04787e-06
1.75e-09	1.433e-06
2.25e-09	-4.8959e-06
2.75e-09	-9.12845e-06
3.25e-09	8.95808e-07
3.75e-09	2.77618e-07
4.25e-09	-3.32238e-06
4.75e-09	-3.24132e-06
5.25e-09	6.75368e-06
5.75e-09	-7.26033e-06
6.25e-09	-6.36227e-06
6.75e-09	7.10808e-06
7.25e-09	-4.23813e-06
7.75e-09	-3.25783e-06
8.25e-09	6.19526e-07
8.75e-09	-4.55708e-06
9.25e-09	-6.60395e-06
9.75e-09	-5.65837e-06
1.025e-08	1.23534e-06
1.075e-08	-2.47695e-06
1.125e-08	-1.49341e-06
1.175e-08	4.44753e-06
1.225e-08	-1.64277e-05
1.275e-08	-4.56877e-07
1.325e-08	7.57391e-06
1.375e-08	-5.64826e-06
1.425e-08	-1.31953e-05
1.475e-08	5.04663e-06
1.525e-08	2.20331e-06
1.575e-08	-5.07027e-06
1.625e-08	5.55365e-06
1.675e-08	-2.32522e-06
1.725e-08	-2.18008e-06
1.775e-08	-1.15695e-06
1.825e-08	-4.44686e-06
1.875e-08	-3.81213e-06
1.925e-08	2.70302e-06
1.975e-08	5.17408e-08
2.025e-08	-7.60984e-06
2.075e-08	-1.58655e-06
2.125e-08	8.72759e-06
2.175e-08	-1.02624e-05
2.225e-08	-7.49421e-06
2.275e-08	9.26943e-06
2.325e-08	-2.76493e-06
2.375e-08	-7.47282e-06
2.425e-08	5.4172e-07
2.475e-08	7.60386e-06
2.525e-08	8.20403e-07
2.575e-08	4.76099e-06
2.625e-08	-1.6838e-06
2.675e-08	-1.18192e-05
2.725e-08	1.58935e-06
2.775e-08	1.76104e-06
2.825e-08	-1.04178e-05
2.875e-08	-3.53241e-06
2.925e-08	7.03195e-06
2.975e-08	-7.12325e-06
3.025e-08	-1.12647e-05
3.075e-08	9.77704e-06
3.125e-08	-1.72417e-06
3.175e-08	-7.70468e-06
3.225e-08	4.48523e-06
3.275e-08	-8.91354e-06
3.325e-08	-3.6037e-06
3.375e-08	-8.96315e-06
3.425e-08	-1.03007e-05
3.475e-08	-1.12241e-05
3.525e-08	-3.41393e-06
3.575e-08	2.55326e-06
3.625e-08	-1.37237e-05
3.675e-08	-2.76938e-06
3.725e-08	2.92305e-06
3.775e-08	-7.68367e-06
3.825e-08	-1.01201e-05
3.875e-08	-3.80331e-06
3.925e-08	-4.90979e-07
3.975e-08	-3.8926e-06
4.025e-08	7.42743e-06
4.075e-08	5.65482e-06
4.125e-08	-4.638e-06
4.175e-08	-2.77085e-06
4.225e-08	-9.19364e-06
4.275e-08	-6.51531e-06
4.325e-08	-1.00911e-06
4.375e-08	2.05803e-06
4.425e-08	-2.42651e-06
4.475e-08	7.77381e-07
4.525e-08	1.50157e-05
4.575e-08	1.84341e-07
4.625e-08	1.79843e-06
4.675e-08	1.61103e-05
4.725e-08	-2.17778e-06
4.775e-08	-7.48226e-06
4.825e-08	4.39542e-06
4.875e-08	2.75868e-06
4.925e-08	1.78162e-06
4.975e-08	7.71377e-06
5.025e-08	2.90653e-06
5.075e-08	-8.30333e-06
5.125e-08	-3.7653e-07
5.175e-08	7.95266e-07
5.225e-08	-7.08894e-06
5.275e-08	5.0369e-06
5.325e-08	7.78221e-06
5.375e-08	-6.75731e-06
5.425e-08	-1.08432e-05
5.475e-08	4.25759e-06
5.525e-08	3.80272e-06
5.575e-08	-5.73263e-06
5.625e-08	1.58148e-05
5.675e-08	7.9043e-06
5.725e-08	5.12257e-06
5.775e-08	3.765e-06
5.825e-08	2.38836e-06
5.875e-08	-6.20419e-06
5.925e-08	-1.77871e-06
5.975e-08	9.62248e-06
6.025e-08	-1.42907e-05
6.075e-08	-4.65134e-08
6.125e-08	1.21041e-05
6.175e-08	5.52113e-07
6.225e-08	-3.59974e-06
6.275e-08	5.09721e-06
6.325e-08	4.99276e-06
6.375e-08	1.76706e-06
6.425e-08	1.25427e-05
6.475e-08	8.7001e-06
6.525e-08	2.37e-07
6.575e-08	7.19054e-06
6.625e-08	3.43462e-06
6.675e-08	-5.35617e-06
6.725e-08	1.72568e-06
6.775e-08	5.88849e-06
6.825e-08	2.44637e-06
6.875e-08	7.64624e-06
6.925e-08	2.3125e-05
6.975e-08	5.22094e-06
7.025e-08	7.65772e-07
7.075e-08	1.40217e-05
7.125e-08	-1.57598e-06
7.175e-08	-2.1669e-06
7.225e-08	3.21107e-06
7.275e-08	8.22421e-06
7.325e-08	1.03728e-06
7.375e-08	9.89576e-07
7.425e-08	-1.12603e-06
7.475e-08	-1.87542e-06
7.525e-08	5.80718e-07
7.575e-08	8.12192e-06
7.625e-08	-8.73643e-07
7.675e-08	8.01378e-06
7.725e-08	1.83127e-05
7.775e-08	-4.16523e-07
7.825e-08	-7.50351e-06
7.875e-08	1.06636e-06
7.925e-08	-2.1824e-06
7.975e-08	-9.5747e-06
8.025e-08	5.91597e-07
8.075e-08	1.61675e-06
8.125e-08	-2.58151e-06
8.175e-08	-6.87263e-07
8.225e-08	-4.30794e-06
8.275e-08	7.87416e-07
8.325e-08	-1.81543e-07
8.375e-08	3.6624e-06
8.425e-08	-3.98252e-06
8.475e-08	8.78598e-07
8.525e-08	9.24288e-06
8.575e-08	-1.70363e-06
8.625e-08	-1.16754e-05
8.675e-08	4.31766e-06
8.725e-08	2.80193e-06
8.775e-08	-5.22978e-06
8.825e-08	5.16782e-06
8.875e-08	7.88748e-06
8.925e-08	9.6421e-09
8.975e-08	-1.46612e-07
9.025e-08	-3.46595e-06
9.075e-08	-7.16737e-06
9.125e-08	3.10011e-06
9.175e-08	5.62026e-06
9.225e-08	-1.00805e-05
9.275e-08	-2.91845e-06
9.325e-08	1.03299e-05
9.375e-08	-9.49981e-06
9.425e-08	-1.1097e-05
9.475e-08	2.9343e-06
9.525e-08	-5.62544e-06
9.575e-08	-5.83883e-06
9.625e-08	1.33639e-06
9.675e-08	-2.59195e-06
9.725e-08	-7.14287e-06
9.775e-08	3.23333e-06
9.825e-08	2.34254e-06
9.875e-08	-6.97194e-07
9.925e-08	7.5343e-06
9.975e-08	4.92667e-06
1.0025e-07	2.38827e-06
1.0075e-07	4.63977e-06
1.0125e-07	1.34645e-05
1.0175e-07	-6.79253e-06
1.0225e-07	-5.27439e-06
1.0275e-07	1.2883e-05
1.0325e-07	6.77136e-06
1.0375e-07	-4.25288e-06
1.0425e-07	1.49228e-06
1.0475e-07	8.17399e-07
1.0525e-07	2.90317e-06
1.0575e-07	5.51583e-07
1.0625e-07	-6.10155e-06
1.0675e-07	-1.22368e-05
1.0725e-07	-3.20831e-06
1.0775e-07	6.87641e-06
1.0825e-07	-7.74164e-06
1.0875e-07	4.73626e-07
1.0925e-07	1.91673e-05
1.0975e-07	1.67916e-06
1.1025e-07	-1.06238e-05
1.1075e-07	3.33936e-06
1.1125e-07	-9.15219e-07
1.1175e-07	-2.34115e-06
1.1225e-07	8.61692e-06
1.1275e-07	7.56142e-07
1.1325e-07	3.66137e-07
1.1375e-07	5.44912e-06
1.1425e-07	6.79118e-06
1.1475e-07	-3.82411e-07
1.1525e-07	2.00202e-06
1.1575e-07	-1.44316e-06
1.1625e-07	-1.35559e-05
1.1675e-07	-4.50773e-07
1.1725e-07	1.42109e-05
1.1775e-07	-7.34913e-06
1.1825e-07	-1.20472e-05
1.1875e-07	-7.93595e-07
1.1925e-07	-6.54751e-06
1.1975e-07	-8.14928e-06
1.2025e-07	-1.63621e-06
1.2075e-07	3.57406e-07
1.2125e-07	-6.00231e-06
1.2175e-07	8.65437e-06
1.2225e-07	7.98308e-07
1.2275e-07	-5.85841e-06
1.2325e-07	1.14581e-06
1.2375e-07	7.1006e-06
1.2425e-07	1.78258e-06
1.2475e-07	1.34033e-06
1.2525e-07	1.27441e-05
1.2575e-07	-4.05928e-07
1.2625e-07	-1.93127e-06
1.2675e-07	1.42138e-05
1.2725e-07	7.36471e-06
1.2775e-07	-1.19113e-06
1.2825e-07	4.78489e-06
1.2875e-07	8.06176e-06
1.2925e-07	5.84952e-06
1.2975e-07	3.87055e-06
1.3025e-07	5.8434e-06
1.3075e-07	3.13774e-07
1.3125e-07	9.08869e-06
1.3175e-07	8.67443e-06
1.3225e-07	-7.36355e-06
1.3275e-07	-1.97234e-06
1.3325e-07	5.70304e-06
1.3375e-07	-4.94462e-06
1.3425e-07	-1.31829e-05
1.3475e-07	3.43729e-06
1.3525e-07	-3.86458e-06
1.3575e-07	-1.10911e-05
1.3625e-07	3.75126e-06
1.3675e-07	-4.67858e-06
1.3725e-07	-6.46639e-06
1.3775e-07	-1.40188e-06
1.3825e-07	-5.43229e-06
1.3875e-07	-9.4735e-06
1.3925e-07	-7.04383e-07
1.3975e-07	8.18763e-06
1.4025e-07	-3.96254e-07
1.4075e-07	2.86275e-06
1.4125e-07	1.52665e-05
1.4175e-07	-5.43796e-06
1.4225e-07	-1.06672e-07
1.4275e-07	9.57686e-06
1.4325e-07	1.58678e-06
1.4375e-07	-8.86044e-06
1.4425e-07	2.44991e-07
1.4475e-07	3.74822e-06
1.4525e-07	-9.14507e-07
1.4575e-07	4.9797e-06
1.4625e-07	1.672e-06
1.4675e-07	-5.12293e-07
1.4725e-07	2.76974e-06
1.4775e-07	8.50769e-07
1.4825e-07	-8.29452e-06
1.4875e-07	-1.86933e-06
1.4925e-07	7.88827e-06
1.4975e-07	-4.90335e-06
1.5025e-07	-6.96323e-06
1.5075e-07	1.46333e-05
1.5125e-07	1.75901e-06
1.5175e-07	-4.51837e-06
1.5225e-07	1.5388e-05
1.5275e-07	7.53305e-06
1.5325e-07	2.78321e-06
1.5375e-07	-5.41396e-07
1.5425e-07	2.16966e-06
1.5475e-07	-3.66197e-06
1.5525e-07	6.25891e-06
1.5575e-07	1.2934e-05
1.5625e-07	-5.56653e-06
1.5675e-07	3.92178e-06
1.5725e-07	1.0911e-05
1.5775e-07	-3.87524e-07
1.5825e-07	-8.56436e-06
1.5875e-07	3.02658e-07
1.5925e-07	-8.31178e-07
1.5975e-07	-8.80022e-06
1.6025e-07	1.16315e-05
1.6075e-07	5.1466e-06
1.6125e-07	-1.63212e-06
1.6175e-07	8.15044e-08
1.6225e-07	-5.60306e-06
1.6275e-07	-8.8648e-06
1.6325e-07	-8.09933e-07
1.6375e-07	2.06797e-06
1.6425e-07	-1.16668e-05
1.6475e-07	-1.9483e-06
1.6525e-07	1.44951e-05
1.6575e-07	-5.24847e-06
1.6625e-07	-4.12417e-06
1.6675e-07	3.92662e-06
1.6725e-07	-4.93732e-06
1.6775e-07	-3.09985e-06
1.6825e-07	-3.13903e-06
1.6875e-07	-2.74961e-06
1.6925e-07	4.11603e-06
1.6975e-07	1.00271e-05
1.7025e-07	1.07973e-05
1.7075e-07	-3.711e-06
1.7125e-07	2.97165e-06
1.7175e-07	8.91233e-06
1.7225e-07	-4.99126e-06
1.7275e-07	-3.29528e-06
1.7325e-07	6.80596e-06
1.7375e-07	-9.77605e-06
1.7425e-07	-1.71049e-05
1.7475e-07	3.19382e-06
1.7525e-07	-7.69568e-06
1.7575e-07	-1.29071e-05
1.7625e-07	1.22339e-06
1.7675e-07	-4.4614e-06
1.7725e-07	-3.86168e-06
1.7775e-07	-2.07854e-06
1.7825e-07	6.55906e-07
1.7875e-07	-7.25802e-06
1.7925e-07	3.03766e-07
1.7975e-07	-2.0872e-06
1.8025e-07	-1.52729e-05
1.8075e-07	-2.73768e-06
1.8125e-07	1.36863e-05
1.8175e-07	2.27273e-07
1.8225e-07	-2.55096e-06
1.8275e-07	9.31054e-06
1.8325e-07	3.5893e-06
1.8375e-07	-2.40722e-06
1.8425e-07	9.07031e-06
1.8475e-07	7.1575e-06
1.8525e-07	-2.39593e-06
1.8575e-07	6.82986e-07
1.8625e-07	-7.49376e-06
1.8675e-07	-1.36233e-05
1.8725e-07	-2.75899e-06
1.8775e-07	3.12725e-06
1.8825e-07	-7.22769e-06
1.8875e-07	-1.38694e-06
1.8925e-07	1.58283e-05
1.8975e-07	2.98819e-06
1.9025e-07	-5.08711e-06
1.9075e-07	8.48563e-06
1.9125e-07	-7.79244e-07
1.9175e-07	-9.29532e-06
1.9225e-07	4.50154e-06
1.9275e-07	-1.70834e-06
1.9325e-07	-2.3895e-06
1.9375e-07	1.63354e-06
1.9425e-07	2.81258e-06
1.9475e-07	-7.56589e-06
1.9525e-07	6.53432e-06
1.9575e-07	1.1416e-05
1.9625e-07	2.0672e-06
1.9675e-07	3.67573e-06
1.9725e-07	1.00424e-05
1.9775e-07	2.97573e-06
1.9825e-07	-3.4763e-06
1.9875e-07	1.00563e-05
1.9925e-07	3.602e-06
1.9975e-07	-4.39881e-06
2.0025e-07	1.09182e-05
2.0075e-07	1.96138e-06
2.0125e-07	2.94026e-06
2.0175e-07	5.51768e-06
2.0225e-07	2.6212e-06
2.0275e-07	3.27876e-06
2.0325e-07	2.68835e-06
2.0375e-07	4.36e-06
2.0425e-07	-9.92093e-06
2.0475e-07	-4.91023e-06
2.0525e-07	6.51868e-06
2.0575e-07	-7.87127e-06
2.0625e-07	-4.999e-06
2.0675e-07	4.35938e-06
2.0725e-07	-1.3909e-06
2.0775e-07	-2.0027e-06
2.0825e-07	6.86601e-06
2.0875e-07	3.91208e-06
2.0925e-07	6.08481e-07
2.0975e-07	1.08749e-05
2.1025e-07	8.6415e-06
2.1075e-07	2.13133e-06
2.1125e-07	3.61637e-07
2.1175e-07	5.24628e-07
2.1225e-07	-3.2151e-06
2.1275e-07	1.74295e-06
2.1325e-07	1.57331e-05
2.1375e-07	-1.34601e-06
2.1425e-07	-2.73325e-06
2.1475e-07	7.42156e-06
2.1525e-07	1.97078e-07
2.1575e-07	-6.81211e-06
2.1625e-07	-6.08754e-07
2.1675e-07	2.83091e-06
2.1725e-07	-2.22664e-06
2.1775e-07	2.10814e-06
2.1825e-07	2.93129e-07
2.1875e-07	-6.41729e-06
2.1925e-07	4.37194e-06
2.1975e-07	8.4147e-06
2.2025e-07	3.01373e-06
2.2075e-07	5.21003e-06
2.2125e-07	1.2693e-05
2.2175e-07	-1.31151e-07
2.2225e-07	9.31756e-07
2.2275e-07	1.40522e-05
2.2325e-07	2.47169e-06
2.2375e-07	-8.56988e-06
2.2425e-07	6.02966e-06
2.2475e-07	6.73626e-06
2.2525e-07	1.5685e-06
2.2575e-07	1.76345e-06
2.2625e-07	-6.24898e-06
2.2675e-07	-7.68391e-06
2.2725e-07	-2.40072e-07
2.2775e-07	1.7343e-06
2.2825e-07	-8.11428e-06
2.2875e-07	-2.45504e-06
2.2925e-07	1.02839e-05
2.2975e-07	-4.19998e-06
2.3025e-07	-1.24087e-05
2.3075e-07	1.1066e-05
2.3125e-07	1.10291e-06
2.3175e-07	-8.29473e-07
2.3225e-07	1.72301e-06
2.3275e-07	3.65032e-06
2.3325e-07	8.59604e-07
2.3375e-07	2.6173e-07
2.3425e-07	-3.07149e-06
2.3475e-07	-4.74471e-06
2.3525e-07	2.15517e-06
2.3575e-07	5.01509e-06
2.3625e-07	-5.38161e-06
2.3675e-07	5.00932e-06
2.3725e-07	1.70981e-05
2.3775e-07	7.83295e-07
2.3825e-07	-9.82372e-06
2.3875e-07	6.01912e-06
2.3925e-07	-1.17963e-06
2.3975e-07	-7.61944e-06
2.4025e-07	4.84151e-06
2.4075e-07	-1.41647e-06
2.4125e-07	-7.76917e-06
2.4175e-07	-2.20414e-06
2.4225e-07	-4.27504e-06
2.4275e-07	-8.73869e-06
2.4325e-07	1.60707e-06
2.4375e-07	-3.03689e-06
2.4425e-07	-8.13329e-06
2.4475e-07	-2.31357e-06
2.4525e-07	6.43805e-06
2.4575e-07	-1.50106e-06
2.4625e-07	8.63645e-07
2.4675e-07	4.52475e-06
2.4725e-07	-4.90611e-06
2.4775e-07	-5.75211e-06
2.4825e-07	5.2585e-06
2.4875e-07	9.6201e-07
2.4925e-07	-2.17205e-06
2.4975e-07	-1.33707e-06
2.5025e-07	-5.03769e-06
2.5075e-07	-1.09525e-05
2.5125e-07	-1.02765e-06
2.5175e-07	-8.53083e-07
2.5225e-07	-7.00941e-06
2.5275e-07	5.6629e-06
2.5325e-07	1.55184e-05
2.5375e-07	3.99336e-06
2.5425e-07	-9.13983e-06
2.5475e-07	1.27274e-05
2.5525e-07	5.63182e-06
2.5575e-07	-3.53708e-06
2.5625e-07	1.05094e-05
2.5675e-07	7.90389e-06
2.5725e-07	2.78321e-06
2.5775e-07	2.82171e-06
2.5825e-07	1.61058e-07
2.5875e-07	-1.10683e-05
2.5925e-07	-2.01582e-06
2.5975e-07	5.26036e-06
2.6025e-07	-2.09933e-06
2.6075e-07	-1.49123e-06
2.6125e-07	1.03924e-05
2.6175e-07	-9.48185e-06
2.6225e-07	-5.74421e-06
2.6275e-07	6.45309e-06
2.6325e-07	-6.25386e-06
2.6375e-07	-1.40723e-05
2.6425e-07	-3.91284e-06
2.6475e-07	2.29074e-06
2.6525e-07	-1.05838e-06
2.6575e-07	3.50499e-06
2.6625e-07	-4.14035e-06
2.6675e-07	-1.15685e-05
2.6725e-07	-3.07895e-07
2.6775e-07	1.84964e-06
2.6825e-07	-7.03774e-06
2.6875e-07	-7.96371e-06
2.6925e-07	8.59878e-06
2.6975e-07	-2.07129e-07
2.7025e-07	-1.02825e-05
2.7075e-07	1.14982e-05
2.7125e-07	1.71921e-06
2.7175e-07	-3.89673e-06
2.7225e-07	6.87817e-06
2.7275e-07	9.25607e-07
2.7325e-07	9.3496e-07
2.7375e-07	8.95571e-07
2.7425e-07	-2.33341e-06
2.7475e-07	-1.13029e-05
2.7525e-07	-2.53351e-06
2.7575e-07	5.17904e-06
2.7625e-07	-1.03031e-05
2.7675e-07	5.35297e-06
2.7725e-07	7.46728e-06
2.7775e-07	-6.65459e-07
2.7825e-07	-5.614e-06
2.7875e-07	7.17404e-06
2.7925e-07	5.04348e-06
2.7975e-07	-3.37493e-06
2.8025e-07	1.00582e-05
2.8075e-07	2.33174e-06
2.8125e-07	-2.6557e-06
2.8175e-07	5.02473e-08
2.8225e-07	2.43281e-07
2.8275e-07	-1.60648e-07
2.8325e-07	1.88062e-06
2.8375e-07	4.23572e-06
2.8425e-07	-8.7787e-06
2.8475e-07	-1.9574e-06
2.8525e-07	1.17267e-05
2.8575e-07	-4.35599e-06
2.8625e-07	-3.95125e-06
2.8675e-07	6.59568e-06
2.8725e-07	-6.10434e-07
2.8775e-07	-2.23889e-06
2.8825e-07	-2.91904e-06
2.8875e-07	5.04016e-07
2.8925e-07	-1.41759e-06
2.8975e-07	1.24511e-06
2.9025e-07	-5.62138e-07
2.9075e-07	-1.07664e-05
2.9125e-07	-1.53808e-06
2.9175e-07	2.56329e-07
2.9225e-07	-6.88873e-06
2.9275e-07	-1.14305e-06
2.9325e-07	6.02641e-06
2.9375e-07	-5.81744e-06
2.9425e-07	-1.21578e-05
2.9475e-07	6.46564e-06
2.9525e-07	-1.9813e-06
2.9575e-07	-5.01022e-06
2.9625e-07	8.08225e-06
2.9675e-07	4.48343e-07
2.9725e-07	-6.26753e-06
2.9775e-07	-7.83196e-06
2.9825e-07	-4.42615e-06
2.9875e-07	-8.49627e-06
2.9925e-07	-5.76358e-06
2.9975e-07	-6.3957e-07
3.0025e-07	-1.29133e-05
3.0075e-07	-5.68253e-06
3.0125e-07	1.05339e-06
3.0175e-07	-1.45479e-05
3.0225e-07	-1.98132e-05
3.0275e-07	-4.33365e-06
3.0325e-07	-1.479e-05
3.0375e-07	-2.41963e-05
3.0425e-07	-1.27042e-05
3.0475e-07	-2.16984e-05
3.0525e-07	-3.48724e-05
3.0575e-07	-3.88096e-05
3.0625e-07	-5.61171e-05
3.0675e-07	-8.05427e-05
3.0725e-07	-0.000100625
3.0775e-07	-0.000157868
3.0825e-07	-0.000240444
3.0875e-07	-0.000372335
3.0925e-07	-0.000569468
3.0975e-07	-0.000899375
3.1025e-07	-0.001255
3.1075e-07	-0.00161296
3.1125e-07	-0.00197758
3.1175e-07	-0.00229199
3.1225e-07	-0.00253967
3.1275e-07	-0.00272859
3.1325e-07	-0.00287934
3.1375e-07	-0.00297091
3.1425e-07	-0.00305461
3.1475e-07	-0.00308666
3.1525e-07	-0.00310361
3.1575e-07	-0.00312238
3.1625e-07	-0.00314872
3.1675e-07	-0.00317517
3.1725e-07	-0.0031955
3.1775e-07	-0.00323819
3.1825e-07	-0.00323655
3.1875e-07	-0.00318757
3.1925e-07	-0.00313073
3.1975e-07	-0.00305242
3.2025e-07	-0.00295645
3.2075e-07	-0.00289118
3.2125e-07	-0.00283356
3.2175e-07	-0.00278215
3.2225e-07	-0.00274098
3.2275e-07	-0.00270097
3.2325e-07	-0.00264921
3.2375e-07	-0.00259796
3.2425e-07	-0.00254723
3.2475e-07	-0.00247773
3.2525e-07	-0.00241057
3.2575e-07	-0.00236806
3.2625e-07	-0.00230709
3.2675e-07	-0.00224005
3.2725e-07	-0.00220361
3.2775e-07	-0.00216183
3.2825e-07	-0.0021226
3.2875e-07	-0.00209825
3.2925e-07	-0.00208167
3.2975e-07	-0.0020573
3.3025e-07	-0.00203546
3.3075e-07	-0.00200667
3.3125e-07	-0.00195264
3.3175e-07	-0.00190475
3.3225e-07	-0.00186115
3.3275e-07	-0.00180475
3.3325e-07	-0.00173008
3.3375e-07	-0.00169335
3.3425e-07	-0.00164883
3.3475e-07	-0.00158763
3.3525e-07	-0.00154853
3.3575e-07	-0.00151516
3.3625e-07	-0.00147339
3.3675e-07	-0.0014446
3.3725e-07	-0.00142023
3.3775e-07	-0.00139446
3.3825e-07	-0.00137997
3.3875e-07	-0.00135918
3.3925e-07	-0.00132757
3.3975e-07	-0.00130344
3.4025e-07	-0.00129381
3.4075e-07	-0.00126554
3.4125e-07	-0.00123743
3.4175e-07	-0.00123484
3.4225e-07	-0.00121892
3.4275e-07	-0.00118311
3.4325e-07	-0.00117103
3.4375e-07	-0.00115785
3.4425e-07	-0.00112838
3.4475e-07	-0.00111269
3.4525e-07	-0.00108921
3.4575e-07	-0.00105319
3.4625e-07	-0.00102851
3.4675e-07	-0.00100944
3.4725e-07	-0.000980252
3.4775e-07	-0.000951493
3.4825e-07	-0.000948251
3.4875e-07	-0.00093303
3.4925e-07	-0.000910269
3.4975e-07	-0.00091813
3.5025e-07	-0.000911368
3.5075e-07	-0.000884058
3.5125e-07	-0.000881832
3.5175e-07	-0.000865625
3.5225e-07	-0.000838323
3.5275e-07	-0.000832088
3.5325e-07	-0.000828067
3.5375e-07	-0.000816413
3.5425e-07	-0.000804431
3.5475e-07	-0.000804433
3.5525e-07	-0.000790037
3.5575e-07	-0.000780423
3.5625e-07	-0.000780371
3.5675e-07	-0.0007615
3.5725e-07	-0.00074881
3.5775e-07	-0.000745703
3.5825e-07	-0.000734508
3.5875e-07	-0.000707624
3.5925e-07	-0.000694338
3.5975e-07	-0.000688476
3.6025e-07	-0.000666115
3.6075e-07	-0.000656438
3.6125e-07	-0.000659187
3.6175e-07	-0.000643738
3.6225e-07	-0.000651743
3.6275e-07	-0.000643208
3.6325e-07	-0.000631021
3.6375e-07	-0.000613466
3.6425e-07	-0.000614359
3.6475e-07	-0.000600779
3.6525e-07	-0.000584446
3.6575e-07	-0.000587955
3.6625e-07	-0.000577241
3.6675e-07	-0.000574955
3.6725e-07	-0.000582968
3.6775e-07	-0.000584452
3.6825e-07	-0.000573657
3.6875e-07	-0.0005689
3.6925e-07	-0.000563678
3.6975e-07	-0.000552592
3.7025e-07	-0.000548406
3.7075e-07	-0.000551586
3.7125e-07	-0.000532912
3.7175e-07	-0.00052254
3.7225e-07	-0.000518165
3.7275e-07	-0.00050854
3.7325e-07	-0.000492789
3.7375e-07	-0.000496671
3.7425e-07	-0.000496837
3.7475e-07	-0.000472444
3.7525e-07	-0.000479472
3.7575e-07	-0.000476049
3.7625e-07	-0.000461902
3.7675e-07	-0.000462223
3.7725e-07	-0.000460628
3.7775e-07	-0.000457078
3.7825e-07	-0.000451392
3.7875e-07	-0.000456269
3.7925e-07	-0.000448623
3.7975e-07	-0.000448354
3.8025e-07	-0.000457738
3.8075e-07	-0.000440753
3.8125e-07	-0.000425012
3.8175e-07	-0.000439353
3.8225e-07	-0.000436007
3.8275e-07	-0.00041499
3.8325e-07	-0.000416204
3.8375e-07	-0.000424314
3.8425e-07	-0.000411153
3.8475e-07	-0.0004042
3.8525e-07	-0.000403613
3.8575e-07	-0.000396972
3.8625e-07	-0.000395999
3.8675e-07	-0.000397684
3.8725e-07	-0.000388871
3.8775e-07	-0.000384573
3.8825e-07	-0.000387001
3.8875e-07	-0.000383853
3.8925e-07	-0.0003663
3.8975e-07	-0.000377032
3.9025e-07	-0.000375164
3.9075e-07	-0.000360417
3.9125e-07	-0.000367077
3.9175e-07	-0.000361453
3.9225e-07	-0.000343841
3.9275e-07	-0.000346955
3.9325e-07	-0.00035068
3.9375e-07	-0.00033974
3.9425e-07	-0.000334151
3.9475e-07	-0.000342224
3.9525e-07	-0.000325696
3.9575e-07	-0.000321756
3.9625e-07	-0.000334873
3.9675e-07	-0.000326521
3.9725e-07	-0.000324452
3.9775e-07	-0.000330251
3.9825e-07	-0.000340888
3.9875e-07	-0.000324836
3.9925e-07	-0.000329363
3.9975e-07	-0.000329919
4.0025e-07	-0.000314619
4.0075e-07	-0.000320689
4.0125e-07	-0.000324105
4.0175e-07	-0.000321683
4.0225e-07	-0.000323311
4.0275e-07	-0.000330812
4.0325e-07	-0.000322644
4.0375e-07	-0.000310876
4.0425e-07	-0.000313783
4.0475e-07	-0.00030749
4.0525e-07	-0.000297487
4.0575e-07	-0.000305637
4.0625e-07	-0.000305488
4.0675e-07	-0.000287655
4.0725e-07	-0.00029314
4.0775e-07	-0.000293566
4.0825e-07	-0.000282223
4.0875e-07	-0.000276299
4.0925e-07	-0.000275235
4.0975e-07	-0.000264131
4.1025e-07	-0.000266638
4.1075e-07	-0.000270402
4.1125e-07	-0.000258881
4.1175e-07	-0.000253725
4.1225e-07	-0.000270705
4.1275e-07	-0.000263524
4.1325e-07	-0.000253791
4.1375e-07	-0.000265945
4.1425e-07	-0.000271133
4.1475e-07	-0.000252721
4.1525e-07	-0.000262155
4.1575e-07	-0.000270939
4.1625e-07	-0.000259413
4.1675e-07	-0.000263938
4.1725e-07	-0.000263309
4.1775e-07	-0.000265038
4.1825e-07	-0.000261965
4.1875e-07	-0.000269979
4.1925e-07	-0.000255604
4.1975e-07	-0.000247607
4.2025e-07	-0.0002583
4.2075e-07	-0.000244877
4.2125e-07	-0.000236387
4.2175e-07	-0.000246297
4.2225e-07	-0.000247369
4.2275e-07	-0.000231885
4.2325e-07	-0.00023256
4.2375e-07	-0.000236446
4.2425e-07	-0.000215375
4.2475e-07	-0.000226129
4.2525e-07	-0.000227052
4.2575e-07	-0.000220322
4.2625e-07	-0.000228424
4.2675e-07	-0.000230136
4.2725e-07	-0.000223085
4.2775e-07	-0.000215514
4.2825e-07	-0.000231083
4.2875e-07	-0.000228374
4.2925e-07	-0.000215237
4.2975e-07	-0.000232081
4.3025e-07	-0.000229483
4.3075e-07	-0.000216652
4.3125e-07	-0.000229146
4.3175e-07	-0.000231004
4.3225e-07	-0.000219069
4.3275e-07	-0.00021975
4.3325e-07	-0.000221391
4.3375e-07	-0.00021363
4.3425e-07	-0.000215603
4.3475e-07	-0.000223582
4.3525e-07	-0.000211668
4.3575e-07	-0.000208917
4.3625e-07	-0.000218991
4.3675e-07	-0.000203843
4.3725e-07	-0.000194038
4.3775e-07	-0.000208225
4.3825e-07	-0.000213224
4.3875e-07	-0.000199437
4.3925e-07	-0.000202703
4.3975e-07	-0.000210282
4.4025e-07	-0.000195149
4.4075e-07	-0.000204396
4.4125e-07	-0.000198143
4.4175e-07	-0.00020475
4.4225e-07	-0.00020909
4.4275e-07	-0.000216803
4.4325e-07	-0.000208303
4.4375e-07	-0.000200823
4.4425e-07	-0.000215041
4.4475e-07	-0.000201138
4.4525e-07	-0.000193355
4.4575e-07	-0.000201035
4.4625e-07	-0.000206412
4.4675e-07	-0.000200764
4.4725e-07	-0.00020241
4.4775e-07	-0.000204628
4.4825e-07	-0.000193687
4.4875e-07	-0.00019179
4.4925e-07	-0.000196045
4.4975e-07	-0.000191421
4.5025e-07	-0.000194277
4.5075e-07	-0.000199248
4.5125e-07	-0.000194169
4.5175e-07	-0.000189465
4.5225e-07	-0.000193948
4.5275e-07	-0.000192087
4.5325e-07	-0.000180043
4.5375e-07	-0.000198784
4.5425e-07	-0.000200138
4.5475e-07	-0.000181079
4.5525e-07	-0.000196739
4.5575e-07	-0.000202477
4.5625e-07	-0.000190869
4.5675e-07	-0.000194781
4.5725e-07	-0.000192951
4.5775e-07	-0.000183978
4.5825e-07	-0.000184666
4.5875e-07	-0.000189394
4.5925e-07	-0.00018402
4.5975e-07	-0.000178823
4.6025e-07	-0.000188921
4.6075e-07	-0.000175136
4.6125e-07	-0.000171631
4.6175e-07	-0.000183844
4.6225e-07	-0.000181413
4.6275e-07	-0.000166519
4.6325e-07	-0.000173053
4.6375e-07	-0.000183398
4.6425e-07	-0.000169382
4.6475e-07	-0.000174707
4.6525e-07	-0.000183027
4.6575e-07	-0.000179192
4.6625e-07	-0.000177367
4.6675e-07	-0.000187167
4.6725e-07	-0.000181228
4.6775e-07	-0.000177748
4.6825e-07	-0.000180742
4.6875e-07	-0.000177161
4.6925e-07	-0.000161119
4.6975e-07	-0.000176675
4.7025e-07	-0.000174922
4.7075e-07	-0.000160046
4.7125e-07	-0.000168353
4.7175e-07	-0.000163153
4.7225e-07	-0.000153657
4.7275e-07	-0.00015502
4.7325e-07	-0.000159893
4.7375e-07	-0.000157542
4.7425e-07	-0.000157119
4.7475e-07	-0.000162643
4.7525e-07	-0.000151705
4.7575e-07	-0.00015373
4.7625e-07	-0.000164911
4.7675e-07	-0.000149688
4.7725e-07	-0.000139301
4.7775e-07	-0.000155258
4.7825e-07	-0.000159616
4.7875e-07	-0.000148732
4.7925e-07	-0.000160541
4.7975e-07	-0.000165457
4.8025e-07	-0.000156685
4.8075e-07	-0.000159315
4.8125e-07	-0.000160065
4.8175e-07	-0.000153677
4.8225e-07	-0.00015726
4.8275e-07	-0.00016808
4.8325e-07	-0.000158138
4.8375e-07	-0.000156375
4.8425e-07	-0.000157417
4.8475e-07	-0.000150732
4.8525e-07	-0.0001408
4.8575e-07	-0.00015293
4.8625e-07	-0.000151093
4.8675e-07	-0.00013688
4.8725e-07	-0.000139435
4.8775e-07	-0.000146405
4.8825e-07	-0.000130236
4.8875e-07	-0.000130058
4.8925e-07	-0.000136508
4.8975e-07	-0.000134943
4.9025e-07	-0.000139509
4.9075e-07	-0.000140465
4.9125e-07	-0.00012835
4.9175e-07	-0.000125076
4.9225e-07	-0.000141071
4.9275e-07	-0.000136187
4.9325e-07	-0.000127218
4.9375e-07	-0.000136466
4.9425e-07	-0.00013857
4.9475e-07	-0.000121354
4.9525e-07	-0.000134345
4.9575e-07	-0.000139668
4.9625e-07	-0.000120274
4.9675e-07	-0.000130854
4.9725e-07	-0.000131876
4.9775e-07	-0.000132218
4.9825e-07	-0.00012867
4.9875e-07	-0.000143412
4.9925e-07	-0.000130428
4.9975e-07	-0.000130727
5.0025e-07	-0.000144538
5.0075e-07	-0.000133453
5.0125e-07	-0.00012428
5.0175e-07	-0.000134833
5.0225e-07	-0.000140787
5.0275e-07	-0.000125217
5.0325e-07	-0.000133424
5.0375e-07	-0.000137122
5.0425e-07	-0.000131206
5.0475e-07	-0.000124119
5.0525e-07	-0.000131639
5.0575e-07	-0.00012831
5.0625e-07	-0.000134092
5.0675e-07	-0.000137442
5.0725e-07	-0.000131279
5.0775e-07	-0.000125118
5.0825e-07	-0.000136509
5.0875e-07	-0.000130894
5.0925e-07	-0.000122033
5.0975e-07	-0.000135239
5.1025e-07	-0.000132157
5.1075e-07	-0.000120684
5.1125e-07	-0.000129717
5.1175e-07	-0.000137815
5.1225e-07	-0.000125516
5.1275e-07	-0.000123923
5.1325e-07	-0.000126309
5.1375e-07	-0.000123321
5.1425e-07	-0.000121884
5.1475e-07	-0.000125514
5.1525e-07	-0.000116707
5.1575e-07	-0.000115509
5.1625e-07	-0.000129618
5.1675e-07	-0.000121472
5.1725e-07	-0.000110122
5.1775e-07	-0.000116846
5.1825e-07	-0.000130435
5.1875e-07	-0.000115483
5.1925e-07	-0.00012042
5.1975e-07	-0.000130435
5.2025e-07	-0.000116249
5.2075e-07	-0.000121969
5.2125e-07	-0.000121947
5.2175e-07	-0.00012121
5.2225e-07	-0.000116461
5.2275e-07	-0.000124017
5.2325e-07	-0.000119318
5.2375e-07	-0.000111955
5.2425e-07	-0.000120031
5.2475e-07	-0.000109046
5.2525e-07	-0.000100367
5.2575e-07	-0.000120531
5.2625e-07	-0.00013022
5.2675e-07	-0.000116569
5.2725e-07	-0.000119715
5.2775e-07	-0.000127231
5.2825e-07	-0.000111534
5.2875e-07	-0.000114994
5.2925e-07	-0.00012064
5.2975e-07	-0.000108813
5.3025e-07	-0.000113949
5.3075e-07	-0.000120022
5.3125e-07	-0.00011755
5.3175e-07	-0.000115426
5.3225e-07	-0.000119949
5.3275e-07	-0.000114854
5.3325e-07	-0.000103594
5.3375e-07	-0.000116064
5.3425e-07	-0.000119177
5.3475e-07	-0.000105342
5.3525e-07	-0.000116464
5.3575e-07	-0.000121959
5.3625e-07	-0.000105939
5.3675e-07	-0.000105547
5.3725e-07	-0.00010931
5.3775e-07	-0.000108521
5.3825e-07	-0.000110418
5.3875e-07	-0.000114713
5.3925e-07	-0.000106461
5.3975e-07	-0.000108218
5.4025e-07	-0.000122118
5.4075e-07	-0.00010645
5.4125e-07	-0.000101548
5.4175e-07	-0.000107625
5.4225e-07	-0.000113856
5.4275e-07	-9.83486e-05
5.4325e-07	-0.00010509
5.4375e-07	-0.000109624
5.4425e-07	-9.00279e-05
5.4475e-07	-0.000103502
5.4525e-07	-0.000108275
5.4575e-07	-0.000104995
5.4625e-07	-0.000106231
5.4675e-07	-0.000108992
5.4725e-07	-0.000108629
5.4775e-07	-0.000103963
5.4825e-07	-0.000108729
5.4875e-07	-0.000112676
5.4925e-07	-9.63383e-05
5.4975e-07	-0.000115017
5.5025e-07	-0.000113215
5.5075e-07	-9.01682e-05
5.5125e-07	-0.000100154
5.5175e-07	-9.9565e-05
5.5225e-07	-9.40976e-05
5.5275e-07	-9.09522e-05
5.5325e-07	-9.93951e-05
5.5375e-07	-9.58905e-05
5.5425e-07	-0.000101594
5.5475e-07	-0.000100842
5.5525e-07	-9.10933e-05
5.5575e-07	-9.06495e-05
5.5625e-07	-0.000101576
5.5675e-07	-9.59446e-05
5.5725e-07	-8.84106e-05
5.5775e-07	-0.000101866
5.5825e-07	-0.000103152
5.5875e-07	-8.70985e-05
5.5925e-07	-9.38142e-05
5.5975e-07	-0.000102695
5.6025e-07	-8.80621e-05
5.6075e-07	-9.31379e-05
5.6125e-07	-9.36555e-05
5.6175e-07	-0.000100091
5.6225e-07	-0.000100421
5.6275e-07	-0.000102789
5.6325e-07	-9.77374e-05
5.6375e-07	-9.6544e-05
5.6425e-07	-0.000108587
5.6475e-07	-9.26388e-05
5.6525e-07	-8.57954e-05
5.6575e-07	-0.000100518
5.6625e-07	-0.000100678
5.6675e-07	-9.69198e-05
5.6725e-07	-9.52405e-05
5.6775e-07	-0.00010026
5.6825e-07	-9.04475e-05
5.6875e-07	-9.30115e-05
5.6925e-07	-9.39828e-05
5.6975e-07	-9.15696e-05
5.7025e-07	-0.00010401
5.7075e-07	-0.000104556
5.7125e-07	-9.75393e-05
5.7175e-07	-9.00199e-05
5.7225e-07	-9.86356e-05
5.7275e-07	-9.50486e-05
5.7325e-07	-7.98664e-05
5.7375e-07	-9.67357e-05
5.7425e-07	-0.000102574
5.7475e-07	-8.56259e-05
5.7525e-07	-9.34313e-05
5.7575e-07	-9.97044e-05
5.7625e-07	-8.98679e-05
5.7675e-07	-8.45352e-05
5.7725e-07	-8.44388e-05
5.7775e-07	-7.9976e-05
5.7825e-07	-8.42439e-05
5.7875e-07	-9.74776e-05
5.7925e-07	-9.22827e-05
5.7975e-07	-9.2068e-05
5.8025e-07	-0.000101366
5.8075e-07	-8.91738e-05
5.8125e-07	-8.22263e-05
5.8175e-07	-9.43967e-05
5.8225e-07	-9.90759e-05
5.8275e-07	-8.76187e-05
5.8325e-07	-9.48656e-05
5.8375e-07	-0.000104751
5.8425e-07	-8.25578e-05
5.8475e-07	-8.89942e-05
5.8525e-07	-8.89032e-05
5.8575e-07	-8.94856e-05
5.8625e-07	-9.02553e-05
5.8675e-07	-9.28746e-05
5.8725e-07	-9.14446e-05
5.8775e-07	-8.68049e-05
5.8825e-07	-9.69103e-05
5.8875e-07	-8.99123e-05
5.8925e-07	-7.79464e-05
5.8975e-07	-9.3915e-05
5.9025e-07	-0.00010147
5.9075e-07	-9.08369e-05
5.9125e-07	-9.73402e-05
5.9175e-07	-9.8255e-05
5.9225e-07	-8.484e-05
5.9275e-07	-8.75295e-05
5.9325e-07	-9.22409e-05
5.9375e-07	-8.68843e-05
5.9425e-07	-8.94791e-05
5.9475e-07	-9.85574e-05
5.9525e-07	-8.94873e-05
5.9575e-07	-8.63042e-05
5.9625e-07	-9.23084e-05
5.9675e-07	-8.95559e-05
5.9725e-07	-8.02781e-05
5.9775e-07	-9.55773e-05
5.9825e-07	-9.76264e-05
5.9875e-07	-8.55937e-05
5.9925e-07	-9.21155e-05
5.9975e-07	-8.97626e-05
6.0025e-07	-8.74728e-05
6.0075e-07	-8.86582e-05
6.0125e-07	-8.78242e-05
6.0175e-07	-8.67943e-05
6.0225e-07	-8.40725e-05
6.0275e-07	-9.14799e-05
6.0325e-07	-8.59448e-05
6.0375e-07	-8.47932e-05
6.0425e-07	-8.68866e-05
6.0475e-07	-8.83232e-05
6.0525e-07	-7.69206e-05
6.0575e-07	-9.04201e-05
6.0625e-07	-8.70856e-05
6.0675e-07	-7.47097e-05
6.0725e-07	-8.29128e-05
6.0775e-07	-9.00318e-05
6.0825e-07	-7.92459e-05
6.0875e-07	-8.03152e-05
6.0925e-07	-8.27474e-05
6.0975e-07	-7.39879e-05
6.1025e-07	-7.82777e-05
6.1075e-07	-8.14377e-05
6.1125e-07	-7.59426e-05
6.1175e-07	-7.18245e-05
6.1225e-07	-8.5753e-05
6.1275e-07	-7.79491e-05
6.1325e-07	-6.80428e-05
6.1375e-07	-8.35844e-05
6.1425e-07	-8.16096e-05
6.1475e-07	-7.02214e-05
6.1525e-07	-7.39431e-05
6.1575e-07	-7.82416e-05
6.1625e-07	-6.9908e-05
6.1675e-07	-6.57517e-05
6.1725e-07	-6.89368e-05
6.1775e-07	-6.95415e-05
6.1825e-07	-7.4683e-05
6.1875e-07	-7.90026e-05
6.1925e-07	-7.20706e-05
6.1975e-07	-7.60718e-05
6.2025e-07	-8.58343e-05
6.2075e-07	-7.71666e-05
6.2125e-07	-6.94158e-05
6.2175e-07	-7.98367e-05
6.2225e-07	-8.51847e-05
6.2275e-07	-6.74337e-05
6.2325e-07	-7.5183e-05
6.2375e-07	-8.43119e-05
6.2425e-07	-6.94872e-05
6.2475e-07	-7.71854e-05
6.2525e-07	-7.18758e-05
6.2575e-07	-6.58577e-05
6.2625e-07	-6.65745e-05
6.2675e-07	-7.34751e-05
6.2725e-07	-7.23577e-05
6.2775e-07	-7.21135e-05
6.2825e-07	-7.81253e-05
6.2875e-07	-7.07648e-05
6.2925e-07	-6.46689e-05
6.2975e-07	-7.8253e-05
6.3025e-07	-7.65369e-05
6.3075e-07	-6.53285e-05
6.3125e-07	-7.93464e-05
6.3175e-07	-8.63092e-05
6.3225e-07	-7.01114e-05
6.3275e-07	-7.5239e-05
6.3325e-07	-7.80628e-05
6.3375e-07	-7.44154e-05
6.3425e-07	-7.32721e-05
6.3475e-07	-8.38352e-05
6.3525e-07	-7.39034e-05
6.3575e-07	-7.04614e-05
6.3625e-07	-8.75058e-05
6.3675e-07	-7.86189e-05
6.3725e-07	-6.93975e-05
6.3775e-07	-7.84094e-05
6.3825e-07	-8.75665e-05
6.3875e-07	-6.6757e-05
6.3925e-07	-7.27696e-05
6.3975e-07	-8.06119e-05
6.4025e-07	-6.64822e-05
6.4075e-07	-7.2059e-05
6.4125e-07	-7.60242e-05
6.4175e-07	-7.32402e-05
6.4225e-07	-7.46268e-05
6.4275e-07	-8.41288e-05
6.4325e-07	-7.6036e-05
6.4375e-07	-7.92591e-05
6.4425e-07	-9.2755e-05
6.4475e-07	-7.6524e-05
6.4525e-07	-6.41588e-05
6.4575e-07	-8.58846e-05
6.4625e-07	-8.90247e-05
6.4675e-07	-7.35516e-05
6.4725e-07	-7.63663e-05
6.4775e-07	-8.02675e-05
6.4825e-07	-7.42631e-05
6.4875e-07	-7.62167e-05
6.4925e-07	-7.87353e-05
6.4975e-07	-7.57265e-05
6.5025e-07	-8.48349e-05
6.5075e-07	-7.89021e-05
6.5125e-07	-7.3155e-05
6.5175e-07	-6.73749e-05
6.5225e-07	-8.30413e-05
6.5275e-07	-8.11595e-05
6.5325e-07	-6.91324e-05
6.5375e-07	-8.67597e-05
6.5425e-07	-8.75051e-05
6.5475e-07	-7.12976e-05
6.5525e-07	-7.85621e-05
6.5575e-07	-7.98524e-05
6.5625e-07	-7.31288e-05
6.5675e-07	-7.15707e-05
6.5725e-07	-7.47753e-05
6.5775e-07	-7.27455e-05
6.5825e-07	-7.06454e-05
6.5875e-07	-7.91818e-05
6.5925e-07	-6.93663e-05
6.5975e-07	-6.76608e-05
6.6025e-07	-8.23872e-05
6.6075e-07	-7.10137e-05
6.6125e-07	-5.70319e-05
6.6175e-07	-7.16534e-05
6.6225e-07	-8.00973e-05
6.6275e-07	-6.36448e-05
6.6325e-07	-6.57105e-05
6.6375e-07	-7.54338e-05
6.6425e-07	-6.39205e-05
6.6475e-07	-6.92699e-05
6.6525e-07	-6.81252e-05
6.6575e-07	-6.62735e-05
6.6625e-07	-7.24699e-05
6.6675e-07	-7.24362e-05
6.6725e-07	-6.7754e-05
6.6775e-07	-5.93203e-05
6.6825e-07	-8.1116e-05
6.6875e-07	-6.84027e-05
6.6925e-07	-5.57559e-05
6.6975e-07	-7.65264e-05
6.7025e-07	-7.80606e-05
6.7075e-07	-6.61409e-05
6.7125e-07	-6.82548e-05
6.7175e-07	-7.2901e-05
6.7225e-07	-6.87958e-05
6.7275e-07	-6.83528e-05
6.7325e-07	-6.87224e-05
6.7375e-07	-6.07356e-05
6.7425e-07	-6.76987e-05
6.7475e-07	-7.75938e-05
6.7525e-07	-6.16375e-05
6.7575e-07	-6.10787e-05
6.7625e-07	-6.99337e-05
6.7675e-07	-7.63933e-05
6.7725e-07	-6.38191e-05
6.7775e-07	-7.09441e-05
6.7825e-07	-7.08818e-05
6.7875e-07	-5.8115e-05
6.7925e-07	-6.51648e-05
6.7975e-07	-7.21744e-05
6.8025e-07	-6.01261e-05
6.8075e-07	-6.64106e-05
6.8125e-07	-6.53026e-05
6.8175e-07	-5.85769e-05
6.8225e-07	-6.0707e-05
6.8275e-07	-6.7075e-05
6.8325e-07	-6.00827e-05
6.8375e-07	-5.66307e-05
6.8425e-07	-6.79909e-05
6.8475e-07	-5.84927e-05
6.8525e-07	-4.84567e-05
6.8575e-07	-5.93674e-05
6.8625e-07	-6.9645e-05
6.8675e-07	-6.11525e-05
6.8725e-07	-6.51146e-05
6.8775e-07	-7.06631e-05
6.8825e-07	-6.25181e-05
6.8875e-07	-6.45277e-05
6.8925e-07	-6.69713e-05
6.8975e-07	-6.20087e-05
6.9025e-07	-6.71697e-05
6.9075e-07	-6.87932e-05
6.9125e-07	-6.7092e-05
6.9175e-07	-6.53056e-05
6.9225e-07	-6.45414e-05
6.9275e-07	-6.44646e-05
6.9325e-07	-5.22832e-05
6.9375e-07	-6.78741e-05
6.9425e-07	-7.24143e-05
6.9475e-07	-5.75046e-05
6.9525e-07	-6.52621e-05
6.9575e-07	-7.0253e-05
6.9625e-07	-6.16183e-05
6.9675e-07	-5.65295e-05
6.9725e-07	-6.21089e-05
6.9775e-07	-5.63482e-05
6.9825e-07	-6.13721e-05
6.9875e-07	-7.48125e-05
6.9925e-07	-6.26991e-05
6.9975e-07	-5.87199e-05
7.0025e-07	-6.94266e-05
7.0075e-07	-6.23998e-05
7.0125e-07	-5.84024e-05
7.0175e-07	-6.63889e-05
7.0225e-07	-6.94986e-05
7.0275e-07	-5.62001e-05
7.0325e-07	-6.91948e-05
7.0375e-07	-7.56723e-05
7.0425e-07	-5.69695e-05
7.0475e-07	-6.24097e-05
7.0525e-07	-6.51464e-05
7.0575e-07	-6.7982e-05
7.0625e-07	-5.74359e-05
7.0675e-07	-6.70631e-05
7.0725e-07	-6.07226e-05
7.0775e-07	-5.57963e-05
7.0825e-07	-6.55856e-05
7.0875e-07	-5.78745e-05
7.0925e-07	-5.40247e-05
7.0975e-07	-6.76763e-05
7.1025e-07	-6.89066e-05
7.1075e-07	-5.29335e-05
7.1125e-07	-6.54696e-05
7.1175e-07	-6.67804e-05
7.1225e-07	-5.54507e-05
7.1275e-07	-5.96219e-05
7.1325e-07	-6.81874e-05
7.1375e-07	-6.24631e-05
7.1425e-07	-7.33204e-05
7.1475e-07	-7.32032e-05
7.1525e-07	-6.23464e-05
7.1575e-07	-6.47476e-05
7.1625e-07	-7.12711e-05
7.1675e-07	-6.7918e-05
7.1725e-07	-4.38577e-05
7.1775e-07	-6.38393e-05
7.1825e-07	-7.21212e-05
7.1875e-07	-5.50306e-05
7.1925e-07	-5.77085e-05
7.1975e-07	-6.28467e-05
7.2025e-07	-5.76212e-05
7.2075e-07	-5.49426e-05
7.2125e-07	-5.93471e-05
7.2175e-07	-5.88533e-05
7.2225e-07	-6.04518e-05
7.2275e-07	-7.27274e-05
7.2325e-07	-6.25748e-05
7.2375e-07	-5.5337e-05
7.2425e-07	-6.70325e-05
7.2475e-07	-5.21371e-05
7.2525e-07	-4.4643e-05
7.2575e-07	-5.73609e-05
7.2625e-07	-6.4967e-05
7.2675e-07	-5.1808e-05
7.2725e-07	-5.93818e-05
7.2775e-07	-6.71195e-05
7.2825e-07	-5.38876e-05
7.2875e-07	-5.94486e-05
7.2925e-07	-6.07885e-05
7.2975e-07	-6.45442e-05
7.3025e-07	-6.19478e-05
7.3075e-07	-5.95827e-05
7.3125e-07	-6.11265e-05
7.3175e-07	-5.91856e-05
7.3225e-07	-7.27545e-05
7.3275e-07	-6.30683e-05
7.3325e-07	-5.08775e-05
7.3375e-07	-5.81879e-05
7.3425e-07	-6.31247e-05
7.3475e-07	-4.96849e-05
7.3525e-07	-5.41698e-05
7.3575e-07	-6.28529e-05
7.3625e-07	-5.50001e-05
7.3675e-07	-5.31863e-05
7.3725e-07	-5.89244e-05
7.3775e-07	-5.28588e-05
7.3825e-07	-4.82509e-05
7.3875e-07	-6.20662e-05
7.3925e-07	-5.69662e-05
7.3975e-07	-5.92556e-05
7.4025e-07	-5.98309e-05
7.4075e-07	-5.53998e-05
7.4125e-07	-4.54427e-05
7.4175e-07	-6.38798e-05
7.4225e-07	-6.96378e-05
7.4275e-07	-4.83845e-05
7.4325e-07	-5.5538e-05
7.4375e-07	-5.88732e-05
7.4425e-07	-5.07794e-05
7.4475e-07	-4.96169e-05
7.4525e-07	-5.32276e-05
7.4575e-07	-5.00455e-05
7.4625e-07	-5.75616e-05
7.4675e-07	-6.18224e-05
7.4725e-07	-5.80071e-05
7.4775e-07	-5.39766e-05
7.4825e-07	-6.77864e-05
7.4875e-07	-5.66662e-05
7.4925e-07	-4.29255e-05
7.4975e-07	-5.61779e-05
7.5025e-07	-6.53428e-05
7.5075e-07	-5.23278e-05
7.5125e-07	-5.45807e-05
7.5175e-07	-6.68431e-05
7.5225e-07	-4.60694e-05
7.5275e-07	-5.33951e-05
7.5325e-07	-5.64733e-05
7.5375e-07	-5.01562e-05
7.5425e-07	-5.96446e-05
7.5475e-07	-6.26095e-05
7.5525e-07	-6.36241e-05
7.5575e-07	-6.38242e-05
7.5625e-07	-6.76322e-05
7.5675e-07	-5.90137e-05
7.5725e-07	-5.01654e-05
7.5775e-07	-6.22896e-05
7.5825e-07	-6.74903e-05
7.5875e-07	-5.59598e-05
7.5925e-07	-5.7407e-05
7.5975e-07	-6.20655e-05
7.6025e-07	-4.45003e-05
7.6075e-07	-5.13154e-05
7.6125e-07	-5.98204e-05
7.6175e-07	-5.64927e-05
7.6225e-07	-5.05613e-05
7.6275e-07	-5.59637e-05
7.6325e-07	-5.39047e-05
7.6375e-07	-5.29569e-05
7.6425e-07	-6.02076e-05
7.6475e-07	-5.09211e-05
7.6525e-07	-3.84567e-05
7.6575e-07	-5.69489e-05
7.6625e-07	-6.76175e-05
7.6675e-07	-5.23149e-05
7.6725e-07	-5.60764e-05
7.6775e-07	-6.27373e-05
7.6825e-07	-5.05686e-05
7.6875e-07	-5.00699e-05
7.6925e-07	-5.45031e-05
7.6975e-07	-4.99266e-05
7.7025e-07	-5.65345e-05
7.7075e-07	-5.89429e-05
7.7125e-07	-5.08043e-05
7.7175e-07	-4.35633e-05
7.7225e-07	-5.48543e-05
7.7275e-07	-4.88733e-05
7.7325e-07	-4.20468e-05
7.7375e-07	-6.06919e-05
7.7425e-07	-6.29119e-05
7.7475e-07	-5.41012e-05
7.7525e-07	-5.88763e-05
7.7575e-07	-6.10239e-05
7.7625e-07	-4.56059e-05
7.7675e-07	-5.03726e-05
7.7725e-07	-5.40904e-05
7.7775e-07	-5.3752e-05
7.7825e-07	-5.52554e-05
7.7875e-07	-6.05575e-05
7.7925e-07	-5.431e-05
7.7975e-07	-5.33302e-05
7.8025e-07	-6.29186e-05
7.8075e-07	-4.96088e-05
7.8125e-07	-4.70708e-05
7.8175e-07	-5.36797e-05
7.8225e-07	-5.66162e-05
7.8275e-07	-4.19126e-05
7.8325e-07	-4.92123e-05
7.8375e-07	-5.78685e-05
7.8425e-07	-3.63072e-05
7.8475e-07	-4.65596e-05
7.8525e-07	-5.07933e-05
7.8575e-07	-4.74777e-05
7.8625e-07	-4.81953e-05
7.8675e-07	-5.48491e-05
7.8725e-07	-5.70049e-05
7.8775e-07	-5.33269e-05
7.8825e-07	-5.7431e-05
7.8875e-07	-5.01584e-05
7.8925e-07	-3.87135e-05
7.8975e-07	-5.75432e-05
7.9025e-07	-5.27547e-05
7.9075e-07	-3.62933e-05
7.9125e-07	-4.33013e-05
7.9175e-07	-5.15124e-05
7.9225e-07	-4.9025e-05
7.9275e-07	-4.83987e-05
7.9325e-07	-5.42798e-05
7.9375e-07	-4.5558e-05
7.9425e-07	-5.01552e-05
7.9475e-07	-5.41766e-05
7.9525e-07	-4.80025e-05
7.9575e-07	-4.95782e-05
7.9625e-07	-5.98865e-05
7.9675e-07	-5.52982e-05
7.9725e-07	-4.08684e-05
7.9775e-07	-5.22557e-05
7.9825e-07	-6.28828e-05
7.9875e-07	-4.20428e-05
7.9925e-07	-5.00012e-05
7.9975e-07	-5.97033e-05
8.0025e-07	-5.10714e-05
8.0075e-07	-5.45149e-05
8.0125e-07	-4.83606e-05
8.0175e-07	-5.03311e-05
8.0225e-07	-5.64308e-05
8.0275e-07	-6.21329e-05
8.0325e-07	-5.03835e-05
8.0375e-07	-4.77629e-05
8.0425e-07	-5.49054e-05
8.0475e-07	-4.59994e-05
8.0525e-07	-3.83847e-05
8.0575e-07	-5.03475e-05
8.0625e-07	-5.19416e-05
8.0675e-07	-3.76744e-05
8.0725e-07	-4.20417e-05
8.0775e-07	-4.9153e-05
8.0825e-07	-4.09336e-05
8.0875e-07	-5.01462e-05
8.0925e-07	-5.17881e-05
8.0975e-07	-5.09643e-05
8.1025e-07	-5.19805e-05
8.1075e-07	-5.29763e-05
8.1125e-07	-5.13702e-05
8.1175e-07	-4.64944e-05
8.1225e-07	-5.34129e-05
8.1275e-07	-5.02928e-05
8.1325e-07	-3.39175e-05
8.1375e-07	-5.52265e-05
8.1425e-07	-5.71723e-05
8.1475e-07	-4.2883e-05
8.1525e-07	-4.99658e-05
8.1575e-07	-5.34914e-05
8.1625e-07	-4.38949e-05
8.1675e-07	-4.21707e-05
8.1725e-07	-4.76341e-05
8.1775e-07	-4.44395e-05
8.1825e-07	-4.72218e-05
8.1875e-07	-6.13446e-05
8.1925e-07	-5.31258e-05
8.1975e-07	-5.15987e-05
8.2025e-07	-5.65104e-05
8.2075e-07	-5.57949e-05
8.2125e-07	-3.95881e-05
8.2175e-07	-5.30242e-05
8.2225e-07	-6.26256e-05
8.2275e-07	-4.40416e-05
8.2325e-07	-4.93285e-05
8.2375e-07	-5.52654e-05
8.2425e-07	-4.67583e-05
8.2475e-07	-5.2403e-05
8.2525e-07	-4.7847e-05
8.2575e-07	-4.89451e-05
8.2625e-07	-5.21842e-05
8.2675e-07	-5.65931e-05
8.2725e-07	-4.93621e-05
8.2775e-07	-4.08069e-05
8.2825e-07	-6.38939e-05
8.2875e-07	-4.73883e-05
8.2925e-07	-3.57577e-05
8.2975e-07	-4.82729e-05
8.3025e-07	-5.32118e-05
8.3075e-07	-4.32733e-05
8.3125e-07	-4.51574e-05
8.3175e-07	-5.2919e-05
8.3225e-07	-4.10233e-05
8.3275e-07	-4.57469e-05
8.3325e-07	-5.37414e-05
8.3375e-07	-4.37942e-05
8.3425e-07	-4.78293e-05
8.3475e-07	-5.02433e-05
8.3525e-07	-4.07792e-05
8.3575e-07	-4.51214e-05
8.3625e-07	-4.88014e-05
8.3675e-07	-4.17466e-05
8.3725e-07	-3.17327e-05
8.3775e-07	-5.62676e-05
8.3825e-07	-6.02116e-05
8.3875e-07	-4.43921e-05
8.3925e-07	-4.8427e-05
8.3975e-07	-4.87328e-05
8.4025e-07	-5.13706e-05
8.4075e-07	-3.91653e-05
8.4125e-07	-4.3363e-05
8.4175e-07	-3.62957e-05
8.4225e-07	-3.91412e-05
8.4275e-07	-5.37009e-05
8.4325e-07	-4.48754e-05
8.4375e-07	-4.1966e-05
8.4425e-07	-5.04217e-05
8.4475e-07	-4.56799e-05
8.4525e-07	-4.17167e-05
8.4575e-07	-4.91644e-05
8.4625e-07	-5.48413e-05
8.4675e-07	-4.12822e-05
8.4725e-07	-4.66761e-05
8.4775e-07	-5.17828e-05
8.4825e-07	-4.08384e-05
8.4875e-07	-4.71193e-05
8.4925e-07	-4.59564e-05
8.4975e-07	-4.76959e-05
8.5025e-07	-4.60702e-05
8.5075e-07	-5.06208e-05
8.5125e-07	-4.40026e-05
8.5175e-07	-4.11695e-05
8.5225e-07	-5.23991e-05
8.5275e-07	-4.47422e-05
8.5325e-07	-3.73206e-05
8.5375e-07	-4.82034e-05
8.5425e-07	-4.8149e-05
8.5475e-07	-3.99948e-05
8.5525e-07	-4.05041e-05
8.5575e-07	-4.00271e-05
8.5625e-07	-3.1444e-05
8.5675e-07	-3.44954e-05
8.5725e-07	-4.49535e-05
8.5775e-07	-3.53592e-05
8.5825e-07	-4.24088e-05
8.5875e-07	-4.64674e-05
8.5925e-07	-4.46647e-05
8.5975e-07	-4.35915e-05
8.6025e-07	-4.55607e-05
8.6075e-07	-3.79045e-05
8.6125e-07	-2.57344e-05
8.6175e-07	-4.48177e-05
8.6225e-07	-5.08716e-05
8.6275e-07	-3.32339e-05
8.6325e-07	-4.35613e-05
8.6375e-07	-4.97363e-05
8.6425e-07	-3.87014e-05
8.6475e-07	-4.03033e-05
8.6525e-07	-4.0557e-05
8.6575e-07	-3.96341e-05
8.6625e-07	-3.60728e-05
8.6675e-07	-4.6217e-05
8.6725e-07	-4.24406e-05
8.6775e-07	-3.62181e-05
8.6825e-07	-4.60953e-05
8.6875e-07	-3.8445e-05
8.6925e-07	-3.14863e-05
8.6975e-07	-4.77229e-05
8.7025e-07	-4.30295e-05
8.7075e-07	-3.73831e-05
8.7125e-07	-3.93314e-05
8.7175e-07	-4.56179e-05
8.7225e-07	-3.06104e-05
8.7275e-07	-3.64001e-05
8.7325e-07	-4.27423e-05
8.7375e-07	-4.40115e-05
8.7425e-07	-5.43106e-05
8.7475e-07	-4.90896e-05
8.7525e-07	-4.10345e-05
8.7575e-07	-3.7724e-05
8.7625e-07	-5.72116e-05
8.7675e-07	-4.93219e-05
8.7725e-07	-3.45163e-05
8.7775e-07	-4.80166e-05
8.7825e-07	-5.34997e-05
8.7875e-07	-4.04637e-05
8.7925e-07	-4.68185e-05
8.7975e-07	-4.45183e-05
8.8025e-07	-3.44078e-05
8.8075e-07	-3.77271e-05
8.8125e-07	-4.06334e-05
8.8175e-07	-4.27288e-05
8.8225e-07	-3.84299e-05
8.8275e-07	-4.85673e-05
8.8325e-07	-4.02347e-05
8.8375e-07	-3.76818e-05
8.8425e-07	-4.32176e-05
8.8475e-07	-3.53933e-05
8.8525e-07	-3.17613e-05
8.8575e-07	-5.07769e-05
8.8625e-07	-6.22127e-05
8.8675e-07	-3.98724e-05
8.8725e-07	-4.7222e-05
8.8775e-07	-5.29786e-05
8.8825e-07	-4.20694e-05
8.8875e-07	-4.24428e-05
8.8925e-07	-4.42128e-05
8.8975e-07	-4.44426e-05
8.9025e-07	-4.72163e-05
8.9075e-07	-5.08986e-05
8.9125e-07	-4.44161e-05
8.9175e-07	-4.00931e-05
8.9225e-07	-5.39935e-05
8.9275e-07	-4.50286e-05
8.9325e-07	-3.48959e-05
8.9375e-07	-4.85378e-05
8.9425e-07	-5.26712e-05
8.9475e-07	-3.38493e-05
8.9525e-07	-3.93825e-05
8.9575e-07	-4.79417e-05
8.9625e-07	-3.55228e-05
8.9675e-07	-3.93852e-05
8.9725e-07	-4.02138e-05
8.9775e-07	-4.25538e-05
8.9825e-07	-4.61629e-05
8.9875e-07	-5.50938e-05
8.9925e-07	-3.81675e-05
8.9975e-07	-4.32473e-05
9.0025e-07	-5.82145e-05
9.0075e-07	-4.24091e-05
9.0125e-07	-3.2553e-05
9.0175e-07	-3.87282e-05
9.0225e-07	-5.1384e-05
9.0275e-07	-3.45877e-05
9.0325e-07	-3.92032e-05
9.0375e-07	-4.15015e-05
9.0425e-07	-2.9616e-05
9.0475e-07	-3.94043e-05
9.0525e-07	-4.73452e-05
9.0575e-07	-3.92016e-05
9.0625e-07	-4.33318e-05
9.0675e-07	-4.38517e-05
9.0725e-07	-3.86097e-05
9.0775e-07	-3.05806e-05
9.0825e-07	-4.65668e-05
9.0875e-07	-3.83496e-05
9.0925e-07	-3.02461e-05
9.0975e-07	-4.39958e-05
9.1025e-07	-4.51525e-05
9.1075e-07	-3.48545e-05
9.1125e-07	-4.39326e-05
9.1175e-07	-5.22586e-05
9.1225e-07	-3.38485e-05
9.1275e-07	-3.99577e-05
9.1325e-07	-4.31009e-05
9.1375e-07	-3.84267e-05
9.1425e-07	-4.63934e-05
9.1475e-07	-5.05805e-05
9.1525e-07	-4.90357e-05
9.1575e-07	-4.16095e-05
9.1625e-07	-4.519e-05
9.1675e-07	-4.49564e-05
9.1725e-07	-3.52405e-05
9.1775e-07	-4.47533e-05
9.1825e-07	-4.29416e-05
9.1875e-07	-3.50143e-05
9.1925e-07	-4.38005e-05
9.1975e-07	-4.47595e-05
9.2025e-07	-3.47301e-05
9.2075e-07	-3.87878e-05
9.2125e-07	-3.7557e-05
9.2175e-07	-3.52835e-05
9.2225e-07	-4.02422e-05
9.2275e-07	-5.08525e-05
9.2325e-07	-4.35141e-05
9.2375e-07	-3.8882e-05
9.2425e-07	-4.59397e-05
9.2475e-07	-3.81849e-05
9.2525e-07	-3.20645e-05
9.2575e-07	-4.53806e-05
9.2625e-07	-5.95376e-05
9.2675e-07	-3.98934e-05
9.2725e-07	-4.76554e-05
9.2775e-07	-5.27363e-05
9.2825e-07	-3.97886e-05
9.2875e-07	-4.1941e-05
9.2925e-07	-4.34782e-05
9.2975e-07	-4.0021e-05
9.3025e-07	-4.41023e-05
9.3075e-07	-5.42851e-05
9.3125e-07	-4.81538e-05
9.3175e-07	-3.80824e-05
9.3225e-07	-4.4747e-05
9.3275e-07	-4.15928e-05
9.3325e-07	-2.83417e-05
9.3375e-07	-4.74865e-05
9.3425e-07	-4.90065e-05
9.3475e-07	-3.68891e-05
9.3525e-07	-4.20524e-05
9.3575e-07	-4.55472e-05
9.3625e-07	-4.14944e-05
9.3675e-07	-3.64977e-05
9.3725e-07	-4.50738e-05
9.3775e-07	-4.06357e-05
9.3825e-07	-4.58397e-05
9.3875e-07	-4.87307e-05
9.3925e-07	-4.30714e-05
9.3975e-07	-4.49784e-05
9.4025e-07	-5.56472e-05
9.4075e-07	-4.77378e-05
9.4125e-07	-3.62693e-05
9.4175e-07	-4.42542e-05
9.4225e-07	-4.86528e-05
9.4275e-07	-3.03107e-05
9.4325e-07	-4.36793e-05
9.4375e-07	-5.13298e-05
9.4425e-07	-3.73116e-05
9.4475e-07	-4.50021e-05
9.4525e-07	-4.73081e-05
9.4575e-07	-5.30833e-05
9.4625e-07	-4.74404e-05
9.4675e-07	-4.95323e-05
9.4725e-07	-4.16e-05
9.4775e-07	-3.85349e-05
9.4825e-07	-5.18387e-05
9.4875e-07	-3.39359e-05
9.4925e-07	-3.19326e-05
9.4975e-07	-4.58613e-05
9.5025e-07	-4.51973e-05
9.5075e-07	-3.53203e-05
9.5125e-07	-4.28863e-05
9.5175e-07	-5.33674e-05
9.5225e-07	-3.87583e-05
9.5275e-07	-3.98079e-05
9.5325e-07	-4.60066e-05
9.5375e-07	-4.57033e-05
9.5425e-07	-5.3348e-05
9.5475e-07	-5.03463e-05
9.5525e-07	-4.31236e-05
9.5575e-07	-4.26807e-05
9.5625e-07	-5.25388e-05
9.5675e-07	-4.80448e-05
9.5725e-07	-3.07285e-05
9.5775e-07	-4.68561e-05
9.5825e-07	-5.1705e-05
9.5875e-07	-3.62698e-05
9.5925e-07	-3.82548e-05
9.5975e-07	-4.15506e-05
9.6025e-07	-3.61283e-05
9.6075e-07	-3.18718e-05
9.6125e-07	-4.12221e-05
9.6175e-07	-3.0333e-05
9.6225e-07	-3.84541e-05
9.6275e-07	-4.58122e-05
9.6325e-07	-3.71843e-05
9.6375e-07	-4.36715e-05
9.6425e-07	-4.45158e-05
9.6475e-07	-3.98117e-05
9.6525e-07	-3.59186e-05
9.6575e-07	-4.66312e-05
9.6625e-07	-5.21464e-05
9.6675e-07	-3.45319e-05
9.6725e-07	-4.29701e-05
9.6775e-07	-4.90049e-05
9.6825e-07	-4.11449e-05
9.6875e-07	-3.84145e-05
9.6925e-07	-3.91031e-05
9.6975e-07	-4.46798e-05
9.7025e-07	-4.57334e-05
9.7075e-07	-4.5611e-05
9.7125e-07	-4.56545e-05
9.7175e-07	-3.99676e-05
9.7225e-07	-5.27562e-05
9.7275e-07	-3.86814e-05
9.7325e-07	-2.64727e-05
9.7375e-07	-4.3951e-05
9.7425e-07	-5.36177e-05
9.7475e-07	-3.40397e-05
9.7525e-07	-3.6521e-05
9.7575e-07	-4.24732e-05
9.7625e-07	-3.62735e-05
9.7675e-07	-3.75723e-05
9.7725e-07	-3.80048e-05
9.7775e-07	-3.80059e-05
9.7825e-07	-3.65131e-05
9.7875e-07	-4.3488e-05
9.7925e-07	-3.20803e-05
9.7975e-07	-3.88709e-05
9.8025e-07	-4.20686e-05
9.8075e-07	-3.37128e-05
9.8125e-07	-2.64864e-05
9.8175e-07	-3.80934e-05
9.8225e-07	-4.75881e-05
9.8275e-07	-3.37657e-05
9.8325e-07	-4.29944e-05
9.8375e-07	-3.72287e-05
9.8425e-07	-3.40132e-05
9.8475e-07	-3.76655e-05
9.8525e-07	-4.24701e-05
9.8575e-07	-4.13469e-05
9.8625e-07	-4.01394e-05
9.8675e-07	-4.21312e-05
9.8725e-07	-3.839e-05
9.8775e-07	-3.47225e-05
9.8825e-07	-4.9817e-05
9.8875e-07	-3.54909e-05
9.8925e-07	-2.9597e-05
9.8975e-07	-4.46604e-05
9.9025e-07	-4.73105e-05
9.9075e-07	-2.70545e-05
9.9125e-07	-3.49367e-05
9.9175e-07	-4.69705e-05
9.9225e-07	-3.40466e-05
9.9275e-07	-3.5048e-05
9.9325e-07	-3.76135e-05
9.9375e-07	-3.70096e-05
9.9425e-07	-4.30177e-05
9.9475e-07	-4.42143e-05
9.9525e-07	-4.27954e-05
9.9575e-07	-3.63584e-05
9.9625e-07	-4.77174e-05
9.9675e-07	-3.96429e-05
9.9725e-07	-2.81554e-05
9.9775e-07	-4.69899e-05
9.9825e-07	-4.85983e-05
9.9875e-07	-4.11983e-05
9.9925e-07	-3.94016e-05
9.9975e-07	-3.55081e-05
1.00025e-06	-3.41563e-05
1.00075e-06	-3.5646e-05
1.00125e-06	-4.12042e-05
1.00175e-06	-3.42021e-05
1.00225e-06	-3.77623e-05
1.00275e-06	-4.35396e-05
1.00325e-06	-4.06257e-05
1.00375e-06	-3.71678e-05
1.00425e-06	-3.5381e-05
1.00475e-06	-3.41723e-05
1.00525e-06	-2.55418e-05
1.00575e-06	-3.99988e-05
1.00625e-06	-4.30633e-05
1.00675e-06	-3.11572e-05
1.00725e-06	-3.15407e-05
1.00775e-06	-3.21887e-05
1.00825e-06	-3.49421e-05
1.00875e-06	-3.60371e-05
1.00925e-06	-4.13195e-05
1.00975e-06	-3.54412e-05
1.01025e-06	-3.31808e-05
1.01075e-06	-4.50656e-05
1.01125e-06	-4.35231e-05
1.01175e-06	-3.99948e-05
1.01225e-06	-4.1081e-05
1.01275e-06	-3.42796e-05
1.01325e-06	-2.63032e-05
1.01375e-06	-3.88789e-05
1.01425e-06	-4.59412e-05
1.01475e-06	-3.13219e-05
1.01525e-06	-3.81168e-05
1.01575e-06	-4.99239e-05
1.01625e-06	-3.08786e-05
1.01675e-06	-3.13043e-05
1.01725e-06	-3.61368e-05
1.01775e-06	-3.69265e-05
1.01825e-06	-3.92876e-05
1.01875e-06	-4.24982e-05
1.01925e-06	-3.54813e-05
1.01975e-06	-3.77261e-05
1.02025e-06	-4.30629e-05
1.02075e-06	-3.57282e-05
1.02125e-06	-2.64069e-05
1.02175e-06	-4.48153e-05
1.02225e-06	-5.24764e-05
1.02275e-06	-3.15715e-05
1.02325e-06	-4.21027e-05
1.02375e-06	-4.96603e-05
1.02425e-06	-2.73256e-05
1.02475e-06	-3.10619e-05
1.02525e-06	-3.61819e-05
1.02575e-06	-3.48351e-05
1.02625e-06	-3.55285e-05
1.02675e-06	-4.304e-05
1.02725e-06	-3.25365e-05
1.02775e-06	-3.24816e-05
1.02825e-06	-3.87765e-05
1.02875e-06	-3.21588e-05
1.02925e-06	-2.05386e-05
1.02975e-06	-3.64867e-05
1.03025e-06	-4.30812e-05
1.03075e-06	-2.24748e-05
1.03125e-06	-3.15736e-05
1.03175e-06	-3.31067e-05
1.03225e-06	-2.66495e-05
1.03275e-06	-3.43822e-05
1.03325e-06	-3.48337e-05
1.03375e-06	-3.01048e-05
1.03425e-06	-3.80164e-05
1.03475e-06	-4.41091e-05
1.03525e-06	-3.60278e-05
1.03575e-06	-2.24648e-05
1.03625e-06	-3.48559e-05
1.03675e-06	-3.50874e-05
1.03725e-06	-2.07182e-05
1.03775e-06	-3.46021e-05
1.03825e-06	-3.65029e-05
1.03875e-06	-2.17525e-05
1.03925e-06	-3.11178e-05
1.03975e-06	-4.06127e-05
1.04025e-06	-3.23705e-05
1.04075e-06	-2.81287e-05
1.04125e-06	-3.56068e-05
1.04175e-06	-3.16476e-05
1.04225e-06	-3.26755e-05
1.04275e-06	-3.81911e-05
1.04325e-06	-2.79124e-05
1.04375e-06	-3.31471e-05
1.04425e-06	-4.43217e-05
1.04475e-06	-3.45302e-05
1.04525e-06	-1.91092e-05
1.04575e-06	-3.0844e-05
1.04625e-06	-4.19949e-05
1.04675e-06	-2.74799e-05
1.04725e-06	-3.68237e-05
1.04775e-06	-3.88046e-05
1.04825e-06	-2.93462e-05
1.04875e-06	-3.04084e-05
1.04925e-06	-3.45804e-05
1.04975e-06	-3.68832e-05
1.05025e-06	-3.74163e-05
1.05075e-06	-3.87531e-05
1.05125e-06	-3.54822e-05
1.05175e-06	-3.16334e-05
1.05225e-06	-4.4524e-05
1.05275e-06	-3.35606e-05
1.05325e-06	-2.17653e-05
1.05375e-06	-3.74247e-05
1.05425e-06	-4.28937e-05
1.05475e-06	-2.77757e-05
1.05525e-06	-2.81424e-05
1.05575e-06	-3.30574e-05
1.05625e-06	-2.70778e-05
1.05675e-06	-2.68091e-05
1.05725e-06	-2.88574e-05
1.05775e-06	-1.97613e-05
1.05825e-06	-3.32494e-05
1.05875e-06	-3.89052e-05
1.05925e-06	-2.98896e-05
1.05975e-06	-2.60111e-05
1.06025e-06	-3.24124e-05
1.06075e-06	-2.9116e-05
1.06125e-06	-2.09556e-05
1.06175e-06	-3.28299e-05
1.06225e-06	-3.04345e-05
1.06275e-06	-1.5299e-05
1.06325e-06	-2.90421e-05
1.06375e-06	-3.91506e-05
1.06425e-06	-2.56116e-05
1.06475e-06	-2.80478e-05
1.06525e-06	-2.89869e-05
1.06575e-06	-3.02037e-05
1.06625e-06	-2.34275e-05
1.06675e-06	-3.7056e-05
1.06725e-06	-2.93267e-05
1.06775e-06	-2.39169e-05
1.06825e-06	-3.73983e-05
1.06875e-06	-2.38993e-05
1.06925e-06	-1.41612e-05
1.06975e-06	-2.71563e-05
1.07025e-06	-3.84778e-05
1.07075e-06	-2.37336e-05
1.07125e-06	-3.2417e-05
1.07175e-06	-3.81377e-05
1.07225e-06	-2.7214e-05
1.07275e-06	-3.02699e-05
1.07325e-06	-3.22462e-05
1.07375e-06	-3.32822e-05
1.07425e-06	-3.78837e-05
1.07475e-06	-3.69333e-05
1.07525e-06	-3.63702e-05
1.07575e-06	-3.77088e-05
1.07625e-06	-4.82719e-05
1.07675e-06	-3.87155e-05
1.07725e-06	-2.43896e-05
1.07775e-06	-4.23845e-05
1.07825e-06	-4.14439e-05
1.07875e-06	-3.14704e-05
1.07925e-06	-3.42844e-05
1.07975e-06	-3.69281e-05
1.08025e-06	-2.97732e-05
1.08075e-06	-2.57295e-05
1.08125e-06	-2.88753e-05
1.08175e-06	-2.29281e-05
1.08225e-06	-3.13705e-05
1.08275e-06	-5.01267e-05
1.08325e-06	-3.55345e-05
1.08375e-06	-2.96803e-05
1.08425e-06	-3.18795e-05
1.08475e-06	-3.52653e-05
1.08525e-06	-2.33625e-05
1.08575e-06	-3.04168e-05
1.08625e-06	-4.51293e-05
1.08675e-06	-2.53447e-05
1.08725e-06	-3.74175e-05
1.08775e-06	-3.65216e-05
1.08825e-06	-2.414e-05
1.08875e-06	-3.09889e-05
1.08925e-06	-3.12457e-05
1.08975e-06	-3.1442e-05
1.09025e-06	-2.73577e-05
1.09075e-06	-3.6913e-05
1.09125e-06	-3.4142e-05
1.09175e-06	-2.48704e-05
1.09225e-06	-3.08022e-05
1.09275e-06	-1.87501e-05
1.09325e-06	-9.36763e-06
1.09375e-06	-2.41086e-05
1.09425e-06	-2.9535e-05
1.09475e-06	-1.66408e-05
1.09525e-06	-2.15195e-05
1.09575e-06	-3.23991e-05
1.09625e-06	-2.29273e-05
1.09675e-06	-3.07292e-05
1.09725e-06	-3.55914e-05
1.09775e-06	-3.0601e-05
1.09825e-06	-3.84847e-05
1.09875e-06	-3.83223e-05
1.09925e-06	-3.77907e-05
1.09975e-06	-3.37999e-05
1.10025e-06	-3.63426e-05
1.10075e-06	-3.44453e-05
1.10125e-06	-1.88915e-05
1.10175e-06	-3.95092e-05
1.10225e-06	-4.0078e-05
1.10275e-06	-2.38299e-05
1.10325e-06	-3.3299e-05
1.10375e-06	-2.81706e-05
1.10425e-06	-2.15082e-05
1.10475e-06	-2.25134e-05
1.10525e-06	-2.7018e-05
1.10575e-06	-2.49396e-05
1.10625e-06	-1.77863e-05
1.10675e-06	-3.23215e-05
1.10725e-06	-2.27942e-05
1.10775e-06	-2.54129e-05
1.10825e-06	-4.01379e-05
1.10875e-06	-2.78361e-05
1.10925e-06	-1.91047e-05
1.10975e-06	-2.93112e-05
1.11025e-06	-3.32544e-05
1.11075e-06	-1.97035e-05
1.11125e-06	-2.63948e-05
1.11175e-06	-3.26978e-05
1.11225e-06	-2.36591e-05
1.11275e-06	-2.80672e-05
1.11325e-06	-3.2351e-05
1.11375e-06	-2.71406e-05
1.11425e-06	-2.96153e-05
1.11475e-06	-2.95938e-05
1.11525e-06	-2.40144e-05
1.11575e-06	-1.68685e-05
1.11625e-06	-3.61774e-05
1.11675e-06	-2.33558e-05
1.11725e-06	-1.8021e-05
1.11775e-06	-3.09124e-05
1.11825e-06	-3.54251e-05
1.11875e-06	-1.76947e-05
1.11925e-06	-2.42052e-05
1.11975e-06	-3.42161e-05
1.12025e-06	-2.50183e-05
1.12075e-06	-2.28446e-05
1.12125e-06	-2.83863e-05
1.12175e-06	-2.25476e-05
1.12225e-06	-2.93548e-05
1.12275e-06	-3.61124e-05
1.12325e-06	-2.64282e-05
1.12375e-06	-2.96977e-05
1.12425e-06	-3.07221e-05
1.12475e-06	-2.2991e-05
1.12525e-06	-1.24448e-05
1.12575e-06	-3.52965e-05
1.12625e-06	-4.09198e-05
1.12675e-06	-2.44889e-05
1.12725e-06	-2.60657e-05
1.12775e-06	-2.93849e-05
1.12825e-06	-2.05331e-05
1.12875e-06	-1.95954e-05
1.12925e-06	-2.42215e-05
1.12975e-06	-1.79387e-05
1.13025e-06	-2.36954e-05
1.13075e-06	-2.86018e-05
1.13125e-06	-2.37373e-05
1.13175e-06	-2.13529e-05
1.13225e-06	-3.46405e-05
1.13275e-06	-2.65233e-05
1.13325e-06	-2.01959e-05
1.13375e-06	-3.15318e-05
1.13425e-06	-3.52588e-05
1.13475e-06	-1.93751e-05
1.13525e-06	-2.14963e-05
1.13575e-06	-3.64389e-05
1.13625e-06	-2.31462e-05
1.13675e-06	-2.05414e-05
1.13725e-06	-2.2559e-05
1.13775e-06	-2.39221e-05
1.13825e-06	-3.13925e-05
1.13875e-06	-3.5901e-05
1.13925e-06	-3.10427e-05
1.13975e-06	-2.4816e-05
1.14025e-06	-3.67802e-05
1.14075e-06	-2.848e-05
1.14125e-06	-1.381e-05
1.14175e-06	-2.53692e-05
1.14225e-06	-3.45187e-05
1.14275e-06	-2.21952e-05
1.14325e-06	-2.8393e-05
1.14375e-06	-3.48648e-05
1.14425e-06	-2.00248e-05
1.14475e-06	-2.36845e-05
1.14525e-06	-2.34128e-05
1.14575e-06	-2.4698e-05
1.14625e-06	-2.93699e-05
1.14675e-06	-4.09247e-05
1.14725e-06	-3.52877e-05
1.14775e-06	-3.02852e-05
1.14825e-06	-3.99157e-05
1.14875e-06	-3.77287e-05
1.14925e-06	-1.92218e-05
1.14975e-06	-3.39549e-05
1.15025e-06	-3.9664e-05
1.15075e-06	-2.43114e-05
1.15125e-06	-3.44399e-05
1.15175e-06	-3.74189e-05
1.15225e-06	-2.91068e-05
1.15275e-06	-3.05841e-05
1.15325e-06	-2.84505e-05
1.15375e-06	-2.64219e-05
1.15425e-06	-3.35745e-05
1.15475e-06	-4.0133e-05
1.15525e-06	-3.22134e-05
1.15575e-06	-2.73362e-05
1.15625e-06	-3.06639e-05
1.15675e-06	-2.7579e-05
1.15725e-06	-2.0052e-05
1.15775e-06	-3.94201e-05
1.15825e-06	-3.7024e-05
1.15875e-06	-2.74712e-05
1.15925e-06	-2.77656e-05
1.15975e-06	-3.49697e-05
1.16025e-06	-2.89698e-05
1.16075e-06	-3.09489e-05
1.16125e-06	-3.34285e-05
1.16175e-06	-2.89466e-05
1.16225e-06	-3.66117e-05
1.16275e-06	-4.55677e-05
1.16325e-06	-3.15597e-05
1.16375e-06	-3.01716e-05
1.16425e-06	-4.1355e-05
1.16475e-06	-3.41919e-05
1.16525e-06	-1.86877e-05
1.16575e-06	-2.96439e-05
1.16625e-06	-3.87677e-05
1.16675e-06	-2.54194e-05
1.16725e-06	-3.21781e-05
1.16775e-06	-3.35379e-05
1.16825e-06	-2.30835e-05
1.16875e-06	-2.27568e-05
1.16925e-06	-2.80683e-05
1.16975e-06	-2.46882e-05
1.17025e-06	-2.08857e-05
1.17075e-06	-3.46323e-05
1.17125e-06	-3.2483e-05
1.17175e-06	-2.94499e-05
1.17225e-06	-3.43705e-05
1.17275e-06	-2.54439e-05
1.17325e-06	-2.08824e-05
1.17375e-06	-3.73958e-05
1.17425e-06	-3.04989e-05
1.17475e-06	-1.90216e-05
1.17525e-06	-2.70486e-05
1.17575e-06	-3.13553e-05
1.17625e-06	-1.87046e-05
1.17675e-06	-2.21619e-05
1.17725e-06	-2.53071e-05
1.17775e-06	-1.95927e-05
1.17825e-06	-3.5319e-05
1.17875e-06	-3.47489e-05
1.17925e-06	-2.81655e-05
1.17975e-06	-2.59337e-05
1.18025e-06	-3.90767e-05
1.18075e-06	-2.49444e-05
1.18125e-06	-1.11432e-05
1.18175e-06	-2.97146e-05
1.18225e-06	-3.28221e-05
1.18275e-06	-2.13006e-05
1.18325e-06	-3.22641e-05
1.18375e-06	-3.62226e-05
1.18425e-06	-2.37711e-05
1.18475e-06	-2.0208e-05
1.18525e-06	-2.64286e-05
1.18575e-06	-2.89095e-05
1.18625e-06	-2.37207e-05
1.18675e-06	-3.61055e-05
1.18725e-06	-2.37441e-05
1.18775e-06	-2.66279e-05
1.18825e-06	-3.74501e-05
1.18875e-06	-2.59354e-05
1.18925e-06	-1.97744e-05
1.18975e-06	-3.26733e-05
1.19025e-06	-3.68461e-05
1.19075e-06	-1.85181e-05
1.19125e-06	-2.58221e-05
1.19175e-06	-3.51155e-05
1.19225e-06	-2.07759e-05
1.19275e-06	-2.64904e-05
1.19325e-06	-2.88269e-05
1.19375e-06	-2.28996e-05
1.19425e-06	-2.82022e-05
1.19475e-06	-3.05057e-05
1.19525e-06	-2.38389e-05
1.19575e-06	-2.02323e-05
1.19625e-06	-3.04781e-05
1.19675e-06	-2.98096e-05
1.19725e-06	-1.45866e-05
1.19775e-06	-3.46968e-05
1.19825e-06	-3.99225e-05
1.19875e-06	-2.66534e-05
1.19925e-06	-3.10734e-05
1.19975e-06	-3.98164e-05
1.20025e-06	-2.90153e-05
1.20075e-06	-2.66455e-05
1.20125e-06	-3.09072e-05
1.20175e-06	-2.36337e-05
1.20225e-06	-3.12848e-05
1.20275e-06	-3.74422e-05
1.20325e-06	-3.50686e-05
1.20375e-06	-3.54755e-05
1.20425e-06	-3.39255e-05
1.20475e-06	-2.77112e-05
1.20525e-06	-1.68949e-05
1.20575e-06	-2.68569e-05
1.20625e-06	-3.14859e-05
1.20675e-06	-1.70076e-05
1.20725e-06	-2.69767e-05
1.20775e-06	-3.10099e-05
1.20825e-06	-2.18963e-05
1.20875e-06	-2.22224e-05
1.20925e-06	-2.01426e-05
1.20975e-06	-2.47908e-05
1.21025e-06	-2.35022e-05
1.21075e-06	-2.7535e-05
1.21125e-06	-2.21213e-05
1.21175e-06	-1.98199e-05
1.21225e-06	-3.52163e-05
1.21275e-06	-2.82451e-05
1.21325e-06	-9.72057e-06
1.21375e-06	-2.10569e-05
1.21425e-06	-2.86498e-05
1.21475e-06	-1.78657e-05
1.21525e-06	-2.31188e-05
1.21575e-06	-3.19502e-05
1.21625e-06	-2.23564e-05
1.21675e-06	-2.90852e-05
1.21725e-06	-2.97309e-05
1.21775e-06	-2.26684e-05
1.21825e-06	-2.1798e-05
1.21875e-06	-2.96594e-05
1.21925e-06	-2.93307e-05
1.21975e-06	-2.83246e-05
1.22025e-06	-3.12805e-05
1.22075e-06	-2.35169e-05
1.22125e-06	-8.16063e-06
1.22175e-06	-3.03404e-05
1.22225e-06	-2.88084e-05
1.22275e-06	-1.48341e-05
1.22325e-06	-2.65081e-05
1.22375e-06	-3.20207e-05
1.22425e-06	-2.67476e-05
1.22475e-06	-2.07827e-05
1.22525e-06	-2.61648e-05
1.22575e-06	-2.35554e-05
1.22625e-06	-2.91858e-05
1.22675e-06	-3.08288e-05
1.22725e-06	-2.12408e-05
1.22775e-06	-2.44639e-05
1.22825e-06	-3.13046e-05
1.22875e-06	-2.99977e-05
1.22925e-06	-1.53592e-05
1.22975e-06	-2.44004e-05
1.23025e-06	-3.60005e-05
1.23075e-06	-1.64102e-05
1.23125e-06	-2.61596e-05
1.23175e-06	-3.43514e-05
1.23225e-06	-2.05265e-05
1.23275e-06	-2.54746e-05
1.23325e-06	-2.62158e-05
1.23375e-06	-2.49518e-05
1.23425e-06	-2.4409e-05
1.23475e-06	-3.28669e-05
1.23525e-06	-2.3726e-05
1.23575e-06	-1.58398e-05
1.23625e-06	-3.16357e-05
1.23675e-06	-2.60902e-05
1.23725e-06	-1.6535e-05
1.23775e-06	-3.06728e-05
1.23825e-06	-3.69356e-05
1.23875e-06	-2.46216e-05
1.23925e-06	-3.02062e-05
1.23975e-06	-3.00837e-05
1.24025e-06	-1.87369e-05
1.24075e-06	-2.47331e-05
1.24125e-06	-3.33135e-05
1.24175e-06	-2.71762e-05
1.24225e-06	-3.09236e-05
1.24275e-06	-3.84412e-05
1.24325e-06	-3.4705e-05
1.24375e-06	-3.31347e-05
1.24425e-06	-3.93431e-05
1.24475e-06	-3.32581e-05
1.24525e-06	-1.62184e-05
1.24575e-06	-3.25524e-05
1.24625e-06	-3.85071e-05
1.24675e-06	-2.29909e-05
1.24725e-06	-2.97433e-05
1.24775e-06	-3.58681e-05
1.24825e-06	-2.38838e-05
1.24875e-06	-2.00175e-05
1.24925e-06	-2.85704e-05
1.24975e-06	-2.4354e-05
1.25025e-06	-2.33521e-05
1.25075e-06	-3.54543e-05
1.25125e-06	-2.57949e-05
1.25175e-06	-2.3689e-05
1.25225e-06	-2.98262e-05
1.25275e-06	-2.18682e-05
1.25325e-06	-1.92463e-05
1.25375e-06	-3.69723e-05
1.25425e-06	-4.04491e-05
1.25475e-06	-2.84082e-05
1.25525e-06	-3.58293e-05
1.25575e-06	-4.02077e-05
1.25625e-06	-2.59281e-05
1.25675e-06	-2.80672e-05
1.25725e-06	-3.08049e-05
1.25775e-06	-3.28506e-05
1.25825e-06	-3.8745e-05
1.25875e-06	-3.53278e-05
1.25925e-06	-3.02014e-05
1.25975e-06	-2.49582e-05
1.26025e-06	-3.50833e-05
1.26075e-06	-2.8701e-05
1.26125e-06	-1.47777e-05
1.26175e-06	-3.46227e-05
1.26225e-06	-4.5385e-05
1.26275e-06	-3.01275e-05
1.26325e-06	-3.23251e-05
1.26375e-06	-3.58095e-05
1.26425e-06	-2.2629e-05
1.26475e-06	-2.3399e-05
1.26525e-06	-3.26678e-05
1.26575e-06	-3.16686e-05
1.26625e-06	-2.76778e-05
1.26675e-06	-3.94034e-05
1.26725e-06	-3.2233e-05
1.26775e-06	-3.26603e-05
1.26825e-06	-3.89946e-05
1.26875e-06	-2.76622e-05
1.26925e-06	-1.77746e-05
1.26975e-06	-3.78497e-05
1.27025e-06	-4.09442e-05
1.27075e-06	-2.38209e-05
1.27125e-06	-3.10872e-05
1.27175e-06	-3.36147e-05
1.27225e-06	-2.6731e-05
1.27275e-06	-2.99066e-05
1.27325e-06	-3.52838e-05
1.27375e-06	-3.20641e-05
1.27425e-06	-3.305e-05
1.27475e-06	-3.50338e-05
1.27525e-06	-3.25146e-05
1.27575e-06	-2.85664e-05
1.27625e-06	-4.09951e-05
1.27675e-06	-3.00022e-05
1.27725e-06	-2.331e-05
1.27775e-06	-3.55787e-05
1.27825e-06	-4.21455e-05
1.27875e-06	-3.07941e-05
1.27925e-06	-3.63541e-05
1.27975e-06	-4.45209e-05
1.28025e-06	-3.38946e-05
1.28075e-06	-2.70333e-05
1.28125e-06	-3.22525e-05
1.28175e-06	-2.99406e-05
1.28225e-06	-3.45885e-05
1.28275e-06	-3.32638e-05
1.28325e-06	-2.85472e-05
1.28375e-06	-2.96923e-05
1.28425e-06	-4.75055e-05
1.28475e-06	-3.16729e-05
1.28525e-06	-2.61307e-05
1.28575e-06	-4.27869e-05
1.28625e-06	-4.57596e-05
1.28675e-06	-3.36824e-05
1.28725e-06	-3.35991e-05
1.28775e-06	-3.32757e-05
1.28825e-06	-2.13112e-05
1.28875e-06	-2.13566e-05
1.28925e-06	-2.51869e-05
1.28975e-06	-2.90517e-05
1.29025e-06	-3.14384e-05
1.29075e-06	-3.32886e-05
1.29125e-06	-2.98983e-05
1.29175e-06	-2.5269e-05
1.29225e-06	-3.5142e-05
1.29275e-06	-2.69092e-05
1.29325e-06	-1.65029e-05
1.29375e-06	-2.81329e-05
1.29425e-06	-3.12292e-05
1.29475e-06	-1.64444e-05
1.29525e-06	-2.1126e-05
1.29575e-06	-2.93141e-05
1.29625e-06	-1.46687e-05
1.29675e-06	-2.18046e-05
1.29725e-06	-2.75196e-05
1.29775e-06	-1.96617e-05
1.29825e-06	-2.64147e-05
1.29875e-06	-3.29444e-05
1.29925e-06	-2.66131e-05
1.29975e-06	-2.48824e-05
1.30025e-06	-2.9704e-05
1.30075e-06	-2.5719e-05
1.30125e-06	-1.68616e-05
1.30175e-06	-3.08146e-05
1.30225e-06	-3.56924e-05
1.30275e-06	-2.09668e-05
1.30325e-06	-2.756e-05
1.30375e-06	-3.35603e-05
1.30425e-06	-2.93149e-05
1.30475e-06	-2.89139e-05
1.30525e-06	-2.82913e-05
1.30575e-06	-2.74621e-05
1.30625e-06	-2.90886e-05
1.30675e-06	-3.73908e-05
1.30725e-06	-2.93188e-05
1.30775e-06	-2.65107e-05
1.30825e-06	-3.88179e-05
1.30875e-06	-3.07189e-05
1.30925e-06	-1.77846e-05
1.30975e-06	-2.85007e-05
1.31025e-06	-4.06454e-05
1.31075e-06	-2.31665e-05
1.31125e-06	-3.3828e-05
1.31175e-06	-3.58002e-05
1.31225e-06	-1.54938e-05
1.31275e-06	-2.3931e-05
1.31325e-06	-2.74057e-05
1.31375e-06	-2.48965e-05
1.31425e-06	-2.8438e-05
1.31475e-06	-3.34129e-05
1.31525e-06	-2.87279e-05
1.31575e-06	-2.42068e-05
1.31625e-06	-2.9449e-05
1.31675e-06	-2.42421e-05
1.31725e-06	-1.092e-05
1.31775e-06	-2.97733e-05
1.31825e-06	-3.43694e-05
1.31875e-06	-2.6959e-05
1.31925e-06	-2.89738e-05
1.31975e-06	-2.95973e-05
1.32025e-06	-2.05387e-05
1.32075e-06	-1.88945e-05
1.32125e-06	-2.60686e-05
1.32175e-06	-1.97902e-05
1.32225e-06	-2.8956e-05
1.32275e-06	-2.99588e-05
1.32325e-06	-2.71055e-05
1.32375e-06	-2.08943e-05
1.32425e-06	-2.65491e-05
1.32475e-06	-2.83468e-05
1.32525e-06	-1.59678e-05
1.32575e-06	-2.75458e-05
1.32625e-06	-3.13435e-05
1.32675e-06	-1.77622e-05
1.32725e-06	-3.11875e-05
1.32775e-06	-3.46465e-05
1.32825e-06	-2.10437e-05
1.32875e-06	-2.46305e-05
1.32925e-06	-2.79259e-05
1.32975e-06	-3.2294e-05
1.33025e-06	-2.29727e-05
1.33075e-06	-3.66742e-05
1.33125e-06	-2.81896e-05
1.33175e-06	-2.52071e-05
1.33225e-06	-3.64742e-05
1.33275e-06	-2.42599e-05
1.33325e-06	-1.53839e-05
1.33375e-06	-2.15535e-05
1.33425e-06	-2.84353e-05
1.33475e-06	-2.02826e-05
1.33525e-06	-2.73236e-05
1.33575e-06	-3.47361e-05
1.33625e-06	-2.09188e-05
1.33675e-06	-2.669e-05
1.33725e-06	-2.95389e-05
1.33775e-06	-2.94223e-05
1.33825e-06	-3.28067e-05
1.33875e-06	-3.08754e-05
1.33925e-06	-2.74805e-05
1.33975e-06	-2.62246e-05
1.34025e-06	-3.51721e-05
1.34075e-06	-2.67984e-05
1.34125e-06	-1.57168e-05
1.34175e-06	-3.38547e-05
1.34225e-06	-3.05122e-05
1.34275e-06	-2.37736e-05
1.34325e-06	-2.71115e-05
1.34375e-06	-3.34842e-05
1.34425e-06	-2.45676e-05
1.34475e-06	-2.74555e-05
1.34525e-06	-3.49262e-05
1.34575e-06	-2.88304e-05
1.34625e-06	-2.69603e-05
1.34675e-06	-2.97584e-05
1.34725e-06	-2.45637e-05
1.34775e-06	-2.51026e-05
1.34825e-06	-2.87915e-05
1.34875e-06	-2.58252e-05
1.34925e-06	-2.00966e-05
1.34975e-06	-3.08194e-05
1.35025e-06	-3.32763e-05
1.35075e-06	-1.69733e-05
1.35125e-06	-3.04955e-05
1.35175e-06	-3.75238e-05
1.35225e-06	-2.19703e-05
1.35275e-06	-2.44174e-05
1.35325e-06	-2.30997e-05
1.35375e-06	-2.74043e-05
1.35425e-06	-2.96286e-05
1.35475e-06	-3.13456e-05
1.35525e-06	-2.49566e-05
1.35575e-06	-2.02884e-05
1.35625e-06	-4.21897e-05
1.35675e-06	-2.49507e-05
1.35725e-06	-1.55152e-05
1.35775e-06	-2.4965e-05
1.35825e-06	-3.7737e-05
1.35875e-06	-2.45259e-05
1.35925e-06	-2.24389e-05
1.35975e-06	-3.16228e-05
1.36025e-06	-1.5629e-05
1.36075e-06	-1.76455e-05
1.36125e-06	-2.58745e-05
1.36175e-06	-1.86445e-05
1.36225e-06	-2.45682e-05
1.36275e-06	-2.86829e-05
1.36325e-06	-2.80812e-05
1.36375e-06	-2.69959e-05
1.36425e-06	-3.03685e-05
1.36475e-06	-2.35011e-05
1.36525e-06	-1.32171e-05
1.36575e-06	-3.51734e-05
1.36625e-06	-3.77494e-05
1.36675e-06	-2.10294e-05
1.36725e-06	-2.6107e-05
1.36775e-06	-2.56325e-05
1.36825e-06	-2.74033e-05
1.36875e-06	-2.06967e-05
1.36925e-06	-2.43105e-05
1.36975e-06	-1.93172e-05
1.37025e-06	-2.31048e-05
1.37075e-06	-3.58329e-05
1.37125e-06	-2.32911e-05
1.37175e-06	-1.31796e-05
1.37225e-06	-2.62097e-05
1.37275e-06	-1.9361e-05
1.37325e-06	-1.37756e-05
1.37375e-06	-2.69974e-05
1.37425e-06	-3.50151e-05
1.37475e-06	-1.59256e-05
1.37525e-06	-2.32125e-05
1.37575e-06	-2.97305e-05
1.37625e-06	-9.4225e-06
1.37675e-06	-2.02241e-05
1.37725e-06	-1.89874e-05
1.37775e-06	-1.99191e-05
1.37825e-06	-2.37375e-05
1.37875e-06	-2.6069e-05
1.37925e-06	-1.72449e-05
1.37975e-06	-1.36983e-05
1.38025e-06	-3.32835e-05
1.38075e-06	-2.30609e-05
1.38125e-06	-1.42379e-05
1.38175e-06	-2.85764e-05
1.38225e-06	-2.70176e-05
1.38275e-06	-2.03564e-05
1.38325e-06	-2.32606e-05
1.38375e-06	-2.86473e-05
1.38425e-06	-1.78233e-05
1.38475e-06	-1.80269e-05
1.38525e-06	-2.33276e-05
1.38575e-06	-2.2452e-05
1.38625e-06	-2.79438e-05
1.38675e-06	-3.25468e-05
1.38725e-06	-2.81583e-05
1.38775e-06	-2.37827e-05
1.38825e-06	-3.71908e-05
1.38875e-06	-2.73436e-05
1.38925e-06	-7.70172e-06
1.38975e-06	-2.40453e-05
1.39025e-06	-2.72668e-05
1.39075e-06	-1.76075e-05
1.39125e-06	-2.49282e-05
1.39175e-06	-2.3341e-05
1.39225e-06	-1.32687e-05
1.39275e-06	-1.86395e-05
1.39325e-06	-2.51128e-05
1.39375e-06	-1.77599e-05
1.39425e-06	-2.26398e-05
1.39475e-06	-3.7913e-05
1.39525e-06	-2.75415e-05
1.39575e-06	-1.86225e-05
1.39625e-06	-3.1451e-05
1.39675e-06	-2.04972e-05
1.39725e-06	-1.60801e-05
1.39775e-06	-2.84096e-05
1.39825e-06	-2.82853e-05
1.39875e-06	-1.74743e-05
1.39925e-06	-2.11561e-05
1.39975e-06	-3.15722e-05
1.40025e-06	-1.58449e-05
1.40075e-06	-1.47834e-05
1.40125e-06	-2.17749e-05
1.40175e-06	-1.88799e-05
1.40225e-06	-1.98463e-05
1.40275e-06	-2.33114e-05
1.40325e-06	-2.0465e-05
1.40375e-06	-1.54525e-05
1.40425e-06	-2.99063e-05
1.40475e-06	-2.16898e-05
1.40525e-06	-1.06372e-05
1.40575e-06	-2.48022e-05
1.40625e-06	-3.28646e-05
1.40675e-06	-1.98187e-05
1.40725e-06	-2.58598e-05
1.40775e-06	-3.25432e-05
1.40825e-06	-1.72463e-05
1.40875e-06	-2.681e-05
1.40925e-06	-2.72284e-05
1.40975e-06	-2.30852e-05
1.41025e-06	-2.53567e-05
1.41075e-06	-2.73534e-05
1.41125e-06	-2.31346e-05
1.41175e-06	-2.10781e-05
1.41225e-06	-2.82514e-05
1.41275e-06	-2.20137e-05
1.41325e-06	-1.03568e-05
1.41375e-06	-2.60205e-05
1.41425e-06	-3.33519e-05
1.41475e-06	-1.41041e-05
1.41525e-06	-2.38721e-05
1.41575e-06	-3.22313e-05
1.41625e-06	-1.60866e-05
1.41675e-06	-1.62891e-05
1.41725e-06	-2.23466e-05
1.41775e-06	-1.38915e-05
1.41825e-06	-1.96569e-05
1.41875e-06	-3.08097e-05
1.41925e-06	-2.22533e-05
1.41975e-06	-1.78947e-05
1.42025e-06	-2.38308e-05
1.42075e-06	-2.19872e-05
1.42125e-06	-1.29976e-05
1.42175e-06	-2.95094e-05
1.42225e-06	-3.12214e-05
1.42275e-06	-1.45088e-05
1.42325e-06	-2.12319e-05
1.42375e-06	-3.03284e-05
1.42425e-06	-1.76721e-05
1.42475e-06	-1.4985e-05
1.42525e-06	-2.19194e-05
1.42575e-06	-2.37832e-05
1.42625e-06	-2.32017e-05
1.42675e-06	-2.74948e-05
1.42725e-06	-2.16172e-05
1.42775e-06	-1.68937e-05
1.42825e-06	-2.33431e-05
1.42875e-06	-2.02179e-05
1.42925e-06	-8.67923e-06
1.42975e-06	-2.63009e-05
1.43025e-06	-3.21845e-05
1.43075e-06	-1.95036e-05
1.43125e-06	-2.45686e-05
1.43175e-06	-2.81143e-05
1.43225e-06	-2.35503e-05
1.43275e-06	-2.1065e-05
1.43325e-06	-1.83013e-05
1.43375e-06	-1.88313e-05
1.43425e-06	-2.11671e-05
1.43475e-06	-3.03919e-05
1.43525e-06	-2.3136e-05
1.43575e-06	-1.74518e-05
1.43625e-06	-3.21336e-05
1.43675e-06	-2.98183e-05
1.43725e-06	-1.78788e-05
1.43775e-06	-3.07034e-05
1.43825e-06	-3.59276e-05
1.43875e-06	-2.5282e-05
1.43925e-06	-2.85527e-05
1.43975e-06	-3.43548e-05
1.44025e-06	-1.94585e-05
1.44075e-06	-2.78205e-05
1.44125e-06	-2.98435e-05
1.44175e-06	-2.03046e-05
1.44225e-06	-1.99412e-05
1.44275e-06	-3.38439e-05
1.44325e-06	-3.07988e-05
1.44375e-06	-2.69968e-05
1.44425e-06	-3.12429e-05
1.44475e-06	-2.29277e-05
1.44525e-06	-1.27843e-05
1.44575e-06	-2.66934e-05
1.44625e-06	-2.45437e-05
1.44675e-06	-1.76324e-05
1.44725e-06	-2.56905e-05
1.44775e-06	-2.89217e-05
1.44825e-06	-1.80291e-05
1.44875e-06	-2.25804e-05
1.44925e-06	-2.37767e-05
1.44975e-06	-2.25308e-05
1.45025e-06	-2.61616e-05
1.45075e-06	-3.46038e-05
1.45125e-06	-2.21812e-05
1.45175e-06	-2.1818e-05
1.45225e-06	-3.42058e-05
1.45275e-06	-1.88237e-05
1.45325e-06	-1.2965e-05
1.45375e-06	-2.43437e-05
1.45425e-06	-3.7401e-05
1.45475e-06	-2.12903e-05
1.45525e-06	-2.39305e-05
1.45575e-06	-2.76482e-05
1.45625e-06	-1.85493e-05
1.45675e-06	-2.336e-05
1.45725e-06	-2.72317e-05
1.45775e-06	-3.1256e-05
1.45825e-06	-2.94796e-05
1.45875e-06	-3.93594e-05
1.45925e-06	-2.92155e-05
1.45975e-06	-2.28203e-05
1.46025e-06	-3.26488e-05
1.46075e-06	-2.43857e-05
1.46125e-06	-1.38176e-05
1.46175e-06	-2.94641e-05
1.46225e-06	-3.43574e-05
1.46275e-06	-1.98282e-05
1.46325e-06	-2.07913e-05
1.46375e-06	-2.70146e-05
1.46425e-06	-1.72817e-05
1.46475e-06	-1.71918e-05
1.46525e-06	-2.10077e-05
1.46575e-06	-1.26323e-05
1.46625e-06	-2.8202e-05
1.46675e-06	-2.93432e-05
1.46725e-06	-1.91457e-05
1.46775e-06	-1.39584e-05
1.46825e-06	-2.09671e-05
1.46875e-06	-2.20338e-05
1.46925e-06	-1.23932e-05
1.46975e-06	-2.47539e-05
1.47025e-06	-2.7452e-05
1.47075e-06	-1.63803e-05
1.47125e-06	-2.15407e-05
1.47175e-06	-2.88737e-05
1.47225e-06	-1.8624e-05
1.47275e-06	-2.28055e-05
1.47325e-06	-2.67017e-05
1.47375e-06	-3.16532e-05
1.47425e-06	-2.68837e-05
1.47475e-06	-3.55421e-05
1.47525e-06	-2.70467e-05
1.47575e-06	-2.40437e-05
1.47625e-06	-3.96735e-05
1.47675e-06	-2.24954e-05
1.47725e-06	-1.52882e-05
1.47775e-06	-2.66897e-05
1.47825e-06	-3.27445e-05
1.47875e-06	-2.24171e-05
1.47925e-06	-2.80341e-05
1.47975e-06	-2.9999e-05
1.48025e-06	-1.75021e-05
1.48075e-06	-1.97548e-05
1.48125e-06	-2.4629e-05
1.48175e-06	-2.19153e-05
1.48225e-06	-3.03171e-05
1.48275e-06	-2.59144e-05
1.48325e-06	-2.00515e-05
1.48375e-06	-2.1045e-05
1.48425e-06	-3.11788e-05
1.48475e-06	-2.81584e-05
1.48525e-06	-7.808e-06
1.48575e-06	-2.77651e-05
1.48625e-06	-3.13655e-05
1.48675e-06	-1.68537e-05
1.48725e-06	-2.54243e-05
1.48775e-06	-2.24792e-05
1.48825e-06	-1.72408e-05
1.48875e-06	-1.29953e-05
1.48925e-06	-2.0209e-05
1.48975e-06	-1.4414e-05
1.49025e-06	-1.85589e-05
1.49075e-06	-3.28672e-05
1.49125e-06	-2.63711e-05
1.49175e-06	-1.99506e-05
1.49225e-06	-2.77319e-05
1.49275e-06	-2.12685e-05
1.49325e-06	-1.32554e-05
1.49375e-06	-2.7478e-05
1.49425e-06	-3.38519e-05
1.49475e-06	-1.64613e-05
1.49525e-06	-2.35901e-05
1.49575e-06	-2.9603e-05
1.49625e-06	-1.41795e-05
1.49675e-06	-1.91894e-05
1.49725e-06	-2.47456e-05
1.49775e-06	-2.74088e-05
1.49825e-06	-2.84114e-05
1.49875e-06	-2.86146e-05
1.49925e-06	-2.46148e-05
1.49975e-06	-1.50683e-05
1.50025e-06	-3.12502e-05
1.50075e-06	-2.33547e-05
1.50125e-06	-1.73429e-05
1.50175e-06	-1.97777e-05
1.50225e-06	-2.40788e-05
1.50275e-06	-1.33991e-05
1.50325e-06	-2.0184e-05
1.50375e-06	-2.6082e-05
1.50425e-06	-1.08194e-05
1.50475e-06	-8.87288e-06
1.50525e-06	-2.19153e-05
1.50575e-06	-2.3837e-05
1.50625e-06	-2.32723e-05
1.50675e-06	-2.81609e-05
1.50725e-06	-2.12615e-05
1.50775e-06	-1.77177e-05
1.50825e-06	-2.22513e-05
1.50875e-06	-1.96375e-05
1.50925e-06	-2.71873e-06
1.50975e-06	-2.55848e-05
1.51025e-06	-2.78564e-05
1.51075e-06	-1.46002e-05
1.51125e-06	-2.55888e-05
1.51175e-06	-2.74057e-05
1.51225e-06	-2.21402e-05
1.51275e-06	-1.70376e-05
1.51325e-06	-1.68832e-05
1.51375e-06	-1.3653e-05
1.51425e-06	-2.1176e-05
1.51475e-06	-2.55611e-05
1.51525e-06	-1.92199e-05
1.51575e-06	-1.74174e-05
1.51625e-06	-2.34914e-05
1.51675e-06	-1.94414e-05
1.51725e-06	-1.22159e-05
1.51775e-06	-1.90677e-05
1.51825e-06	-1.69027e-05
1.51875e-06	-1.05177e-05
1.51925e-06	-2.35185e-05
1.51975e-06	-3.44979e-05
1.52025e-06	-1.7308e-05
1.52075e-06	-1.85593e-05
1.52125e-06	-2.71633e-05
1.52175e-06	-2.43661e-05
1.52225e-06	-2.09642e-05
1.52275e-06	-2.25167e-05
1.52325e-06	-1.98995e-05
1.52375e-06	-1.8729e-05
1.52425e-06	-3.00013e-05
1.52475e-06	-2.27453e-05
1.52525e-06	-1.45925e-05
1.52575e-06	-2.82736e-05
1.52625e-06	-2.9486e-05
1.52675e-06	-2.31643e-05
1.52725e-06	-3.02002e-05
1.52775e-06	-2.98672e-05
1.52825e-06	-2.14836e-05
1.52875e-06	-1.91692e-05
1.52925e-06	-1.96804e-05
1.52975e-06	-1.51265e-05
1.53025e-06	-1.41003e-05
1.53075e-06	-2.05707e-05
1.53125e-06	-2.02284e-05
1.53175e-06	-1.83266e-05
1.53225e-06	-2.61791e-05
1.53275e-06	-2.08548e-05
1.53325e-06	-5.67303e-06
1.53375e-06	-2.77605e-05
1.53425e-06	-3.25667e-05
1.53475e-06	-1.6777e-05
1.53525e-06	-2.65536e-05
1.53575e-06	-2.86004e-05
1.53625e-06	-1.90532e-05
1.53675e-06	-2.23211e-05
1.53725e-06	-2.50266e-05
1.53775e-06	-2.15908e-05
1.53825e-06	-3.01446e-05
1.53875e-06	-3.66065e-05
1.53925e-06	-2.96944e-05
1.53975e-06	-2.17342e-05
1.54025e-06	-3.42015e-05
1.54075e-06	-2.66937e-05
1.54125e-06	-1.94649e-05
1.54175e-06	-3.60822e-05
1.54225e-06	-3.02623e-05
1.54275e-06	-1.71274e-05
1.54325e-06	-2.38694e-05
1.54375e-06	-3.51895e-05
1.54425e-06	-1.60183e-05
1.54475e-06	-2.14696e-05
1.54525e-06	-2.16785e-05
1.54575e-06	-1.91943e-05
1.54625e-06	-2.74136e-05
1.54675e-06	-3.07225e-05
1.54725e-06	-2.48753e-05
1.54775e-06	-1.82924e-05
1.54825e-06	-3.53391e-05
1.54875e-06	-3.33359e-05
1.54925e-06	-2.10457e-05
1.54975e-06	-3.10605e-05
1.55025e-06	-4.09705e-05
1.55075e-06	-2.22019e-05
1.55125e-06	-2.75583e-05
1.55175e-06	-2.71453e-05
1.55225e-06	-1.63726e-05
1.55275e-06	-1.39108e-05
1.55325e-06	-2.04663e-05
1.55375e-06	-1.89717e-05
1.55425e-06	-2.00277e-05
1.55475e-06	-3.41377e-05
1.55525e-06	-2.53538e-05
1.55575e-06	-2.56139e-05
1.55625e-06	-3.07229e-05
1.55675e-06	-1.96416e-05
1.55725e-06	-1.32453e-05
1.55775e-06	-2.67875e-05
1.55825e-06	-3.22517e-05
1.55875e-06	-1.76772e-05
1.55925e-06	-1.9476e-05
1.55975e-06	-2.28355e-05
1.56025e-06	-1.40889e-05
1.56075e-06	-1.8578e-05
1.56125e-06	-1.59975e-05
1.56175e-06	-1.61088e-05
1.56225e-06	-2.7475e-05
1.56275e-06	-3.06017e-05
1.56325e-06	-2.09714e-05
1.56375e-06	-1.78491e-05
1.56425e-06	-2.73174e-05
1.56475e-06	-2.4683e-05
1.56525e-06	-1.74847e-05
1.56575e-06	-2.63514e-05
1.56625e-06	-2.94301e-05
1.56675e-06	-1.22431e-05
1.56725e-06	-2.25672e-05
1.56775e-06	-2.6819e-05
1.56825e-06	-1.95755e-05
1.56875e-06	-2.10857e-05
1.56925e-06	-2.75003e-05
1.56975e-06	-2.18031e-05
1.57025e-06	-2.32736e-05
1.57075e-06	-3.13353e-05
1.57125e-06	-2.06105e-05
1.57175e-06	-1.97562e-05
1.57225e-06	-3.24943e-05
1.57275e-06	-2.06692e-05
1.57325e-06	-1.45927e-05
1.57375e-06	-2.26087e-05
1.57425e-06	-2.90509e-05
1.57475e-06	-1.69935e-05
1.57525e-06	-2.74793e-05
1.57575e-06	-3.25431e-05
1.57625e-06	-1.33061e-05
1.57675e-06	-2.05547e-05
1.57725e-06	-2.38275e-05
1.57775e-06	-1.76359e-05
1.57825e-06	-2.08651e-05
1.57875e-06	-2.61306e-05
1.57925e-06	-1.80476e-05
1.57975e-06	-1.71983e-05
1.58025e-06	-3.1506e-05
1.58075e-06	-1.84833e-05
1.58125e-06	-6.54379e-06
1.58175e-06	-2.46458e-05
1.58225e-06	-2.9243e-05
1.58275e-06	-1.54929e-05
1.58325e-06	-2.47062e-05
1.58375e-06	-3.19638e-05
1.58425e-06	-2.12744e-05
1.58475e-06	-1.29248e-05
1.58525e-06	-2.16138e-05
1.58575e-06	-2.0014e-05
1.58625e-06	-2.8156e-05
1.58675e-06	-3.07048e-05
1.58725e-06	-2.07299e-05
1.58775e-06	-2.26076e-05
1.58825e-06	-2.84792e-05
1.58875e-06	-2.54992e-05
1.58925e-06	-1.09676e-05
1.58975e-06	-2.93698e-05
1.59025e-06	-3.29199e-05
1.59075e-06	-1.46813e-05
1.59125e-06	-2.03785e-05
1.59175e-06	-2.5327e-05
1.59225e-06	-1.60717e-05
1.59275e-06	-1.45883e-05
1.59325e-06	-2.04878e-05
1.59375e-06	-2.55623e-05
1.59425e-06	-2.49578e-05
1.59475e-06	-2.78437e-05
1.59525e-06	-1.86183e-05
1.59575e-06	-1.33778e-05
1.59625e-06	-3.834e-05
1.59675e-06	-2.76882e-05
1.59725e-06	-1.48946e-05
1.59775e-06	-2.41209e-05
1.59825e-06	-3.14008e-05
1.59875e-06	-1.78949e-05
1.59925e-06	-1.94039e-05
1.59975e-06	-2.89018e-05
